0.999999583 -0.000930007 -0.000013855 -0.002712591 0.000930007 0.999999583 0.000025043 -0.000250451 0.000013832 -0.000025056 1.000000000 0.000170267
0.999999881 -0.000438625 0.000116203 -0.001394721 0.000438597 0.999999881 0.000239550 -0.007570889 -0.000116308 -0.000239499 0.999999940 -0.002634651
1.000000000 -0.000131463 0.000025127 0.000662564 0.000131459 1.000000000 0.000160705 -0.006442894 -0.000025148 -0.000160701 1.000000000 -0.006434202
1.000000000 0.000050595 -0.000137668 0.003057997 -0.000050596 1.000000000 -0.000009610 0.003569034 0.000137668 0.000009617 1.000000000 -0.007846659
0.999999881 -0.000408058 -0.000186774 0.003946058 0.000408073 0.999999940 0.000078338 -0.000050579 0.000186742 -0.000078414 1.000000000 -0.003581325
0.999999881 -0.000518933 -0.000106555 0.000879619 0.000518948 0.999999881 0.000142551 0.000680357 0.000106481 -0.000142607 1.000000000 -0.003986552
0.999999702 -0.000774151 -0.000030834 -0.001330526 0.000774146 0.999999702 -0.000180881 0.006062604 0.000030974 0.000180857 1.000000000 -0.008212819
0.999999404 -0.001108072 0.000000061 -0.002916256 0.001108072 0.999999404 -0.000085296 0.001857671 0.000000033 0.000085296 1.000000000 -0.003172802
0.999999762 -0.000693486 0.000070462 -0.003997318 0.000693474 0.999999762 0.000179331 -0.001878429 -0.000070586 -0.000179282 1.000000000 0.000169036
0.999999821 -0.000576603 0.000157145 -0.004936085 0.000576580 0.999999821 0.000146832 -0.007805263 -0.000157229 -0.000146741 1.000000000 -0.001301879
0.999999881 -0.000490925 0.000113477 -0.002933479 0.000490909 0.999999881 0.000143428 -0.004825875 -0.000113548 -0.000143372 1.000000000 -0.000641849
0.999999940 -0.000268924 0.000108088 -0.001580191 0.000268893 0.999999940 0.000293366 -0.010880076 -0.000108166 -0.000293336 0.999999940 0.000099838
0.999999940 -0.000304532 -0.000044077 0.003980752 0.000304542 0.999999940 0.000240336 -0.008236169 0.000044004 -0.000240349 0.999999940 -0.007582385
0.999999762 -0.000664034 0.000025950 -0.002691478 0.000664034 0.999999762 0.000023047 0.002772904 -0.000025966 -0.000023030 1.000000000 -0.002846180
0.999999344 -0.001161221 -0.000040401 -0.001926075 0.001161212 0.999999285 -0.000211101 0.010531900 0.000040647 0.000211054 1.000000000 0.004298066
0.999999523 -0.000945666 0.000144274 -0.005747874 0.000945658 0.999999523 0.000058541 0.000532067 -0.000144330 -0.000058404 1.000000000 0.001485535
0.999999642 -0.000864422 0.000153449 -0.006149040 0.000864414 0.999999642 0.000053518 -0.002209425 -0.000153496 -0.000053385 1.000000000 -0.000546578
0.999999881 -0.000510164 0.000099237 -0.002546498 0.000510153 0.999999881 0.000111474 -0.003758466 -0.000099294 -0.000111423 1.000000000 0.000591362
1.000000000 -0.000193306 0.000103020 -0.002042728 0.000193282 0.999999940 0.000236566 -0.004301915 -0.000103065 -0.000236546 0.999999940 0.001563041
0.999999940 0.000259756 -0.000075269 0.001406686 -0.000259748 0.999999940 0.000108773 0.001446863 0.000075297 -0.000108753 1.000000000 -0.001093204
0.999999940 0.000193819 -0.000211582 0.005085226 -0.000193804 1.000000000 0.000069611 0.002500911 0.000211596 -0.000069570 1.000000000 -0.004701484
0.999999940 -0.000225507 -0.000113030 0.000893070 0.000225506 1.000000000 -0.000005413 0.002426602 0.000113031 0.000005387 1.000000000 -0.005489132
0.999999404 -0.001110551 -0.000120011 0.000094005 0.001110550 0.999999404 -0.000013230 0.004307951 0.000120026 0.000013097 1.000000000 -0.004240837
0.999999583 -0.000907409 -0.000011649 -0.002824032 0.000907406 0.999999583 -0.000198036 0.008554919 0.000011829 0.000198025 1.000000000 0.001805770
0.999999881 -0.000455288 0.000126761 -0.007496936 0.000455280 0.999999881 0.000063552 -0.000663209 -0.000126790 -0.000063495 1.000000000 -0.000046931
0.999999940 -0.000277379 0.000257635 -0.008032171 0.000277340 0.999999940 0.000150828 -0.006384645 -0.000257677 -0.000150757 0.999999940 0.003695807
1.000000000 -0.000111941 0.000075242 -0.002900782 0.000111924 0.999999940 0.000220827 -0.004628506 -0.000075267 -0.000220819 1.000000000 0.004658144
1.000000000 0.000210714 -0.000071342 0.001936596 -0.000210701 0.999999940 0.000176437 -0.002655934 0.000071379 -0.000176422 1.000000000 -0.003601318
1.000000000 0.000057130 -0.000132772 0.003381168 -0.000057130 1.000000000 0.000000871 0.004833929 0.000132772 -0.000000863 1.000000000 -0.005427779
0.999999940 -0.000184231 -0.000199356 0.000893721 0.000184238 1.000000000 0.000033447 0.004103233 0.000199349 -0.000033484 1.000000000 -0.004302176
0.999999404 -0.001107944 -0.000146730 0.000537550 0.001107916 0.999999344 -0.000188923 0.008155930 0.000146940 0.000188760 1.000000000 -0.004700244
0.999999821 -0.000548296 0.000069018 -0.003449913 0.000548285 0.999999821 0.000151473 -0.001233988 -0.000069101 -0.000151435 1.000000000 -0.001634819
0.999999821 -0.000598366 0.000204395 -0.006197924 0.000598322 0.999999821 0.000215342 -0.008114908 -0.000204524 -0.000215219 0.999999940 -0.000625326
1.000000000 -0.000102076 0.000053857 0.000115851 0.000102079 1.000000000 -0.000051125 0.004396955 -0.000053851 0.000051130 1.000000000 -0.001184716
1.000000000 0.000120156 0.000024687 -0.002048563 -0.000120159 1.000000000 0.000136724 -0.000116426 -0.000024671 -0.000136727 1.000000000 -0.004332441
1.000000000 -0.000162612 -0.000065871 0.002269163 0.000162618 1.000000000 0.000101821 0.000471104 0.000065854 -0.000101832 1.000000000 -0.008658548
1.000000000 0.000004474 -0.000188445 0.003815880 -0.000004474 1.000000000 0.000001822 0.004672185 0.000188445 -0.000001821 1.000000000 -0.006605159
0.999999642 -0.000823132 -0.000128072 0.001250815 0.000823130 0.999999642 -0.000015804 0.001601003 0.000128085 0.000015699 1.000000000 -0.007354427
0.999999583 -0.000914013 -0.000055504 -0.004375583 0.000913992 0.999999523 -0.000379027 0.016040549 0.000055851 0.000378976 0.999999940 0.002008804
0.999999464 -0.001045196 0.000075917 -0.003566030 0.001045188 0.999999464 0.000105328 -0.002895679 -0.000076027 -0.000105248 1.000000000 -0.004468907
1.000000000 0.000016859 0.000083913 -0.004488129 -0.000016881 0.999999940 0.000256929 -0.005683448 -0.000083909 -0.000256931 0.999999940 -0.003612848
0.999999940 -0.000224278 0.000127703 -0.003278798 0.000224267 1.000000000 0.000092564 0.000200727 -0.000127723 -0.000092536 1.000000000 0.002771155
1.000000000 0.000053051 -0.000006125 -0.000612409 -0.000053050 1.000000000 0.000167706 -0.003125696 0.000006134 -0.000167706 1.000000000 -0.002123991
1.000000000 -0.000082117 -0.000088921 0.002572908 0.000082118 1.000000000 0.000014427 0.003373747 0.000088920 -0.000014434 1.000000000 -0.008627419
0.999999821 -0.000574083 -0.000132904 0.001435036 0.000574065 0.999999821 -0.000137518 0.009999008 0.000132982 0.000137442 1.000000000 -0.006784719
0.999999046 -0.001387837 0.000001496 -0.001029428 0.001387838 0.999999046 -0.000081907 0.001185265 -0.000001383 0.000081909 1.000000000 0.001224141
0.999999583 -0.000928659 0.000039877 -0.002937939 0.000928655 0.999999583 0.000103214 -0.000041423 -0.000039973 -0.000103177 1.000000000 0.000307753
0.999999762 -0.000685333 0.000182004 -0.005254721 0.000685313 0.999999762 0.000104965 -0.002736720 -0.000182076 -0.000104840 1.000000000 0.003226008
1.000000000 -0.000101547 0.000110884 -0.001661697 0.000101531 1.000000000 0.000142595 -0.002117005 -0.000110899 -0.000142584 1.000000000 0.002694816
1.000000000 0.000094942 -0.000070569 0.002619589 -0.000094924 0.999999940 0.000253542 -0.002515789 0.000070593 -0.000253535 0.999999940 -0.008668276
1.000000000 -0.000034556 -0.000228456 0.004910326 0.000034560 1.000000000 0.000016729 0.003230924 0.000228455 -0.000016737 1.000000000 -0.007873180
0.999999881 -0.000478096 -0.000086209 -0.000428640 0.000478095 0.999999881 -0.000008397 0.006373581 0.000086213 0.000008355 1.000000000 -0.000884990
0.999999464 -0.001052170 -0.000105508 0.000579526 0.001052156 0.999999464 -0.000135998 0.007197378 0.000105651 0.000135887 1.000000000 -0.004188942
0.999999881 -0.000495185 -0.000066470 -0.001891716 0.000495176 0.999999881 -0.000133632 0.004697782 0.000066536 0.000133599 1.000000000 -0.000135880
0.999999523 -0.000943393 0.000134527 -0.006934371 0.000943408 0.999999523 -0.000114236 0.003202649 -0.000134419 0.000114363 1.000000000 -0.001044786
0.999999642 -0.000822551 0.000136207 -0.005836335 0.000822540 0.999999642 0.000080119 -0.004700550 -0.000136273 -0.000080007 1.000000000 -0.001655634
0.999999881 -0.000487536 0.000202290 -0.005909241 0.000487540 0.999999881 -0.000023498 -0.000090096 -0.000202279 0.000023597 1.000000000 -0.002170655
1.000000000 0.000001470 0.000072439 -0.001254572 -0.000001488 0.999999940 0.000251953 -0.003907971 -0.000072439 -0.000251953 0.999999940 -0.000730064
1.000000000 0.000074617 -0.000070497 0.000786381 -0.000074596 0.999999940 0.000292233 -0.006076662 0.000070519 -0.000292228 0.999999940 -0.003493030
0.999999940 0.000213630 -0.000210968 0.004566317 -0.000213612 1.000000000 0.000083966 0.002480621 0.000210986 -0.000083920 1.000000000 -0.006816645
0.999999940 0.000126987 -0.000250306 0.004078695 -0.000126981 1.000000000 0.000024658 0.006992568 0.000250309 -0.000024627 0.999999940 -0.006298485
0.999999046 -0.001367001 0.000027510 -0.003191551 0.001367006 0.999999046 -0.000170631 0.007422209 -0.000027276 0.000170668 1.000000000 -0.000134920
0.999999285 -0.001189598 0.000125039 -0.005397636 0.001189602 0.999999285 -0.000034410 0.001522651 -0.000124998 0.000034559 1.000000000 0.000442251
0.999999821 -0.000537957 0.000210685 -0.006506718 0.000537914 0.999999821 0.000203753 -0.003656501 -0.000210795 -0.000203640 0.999999940 0.003721729
0.999999940 -0.000350216 0.000101143 -0.001535059 0.000350202 0.999999940 0.000135138 -0.004281412 -0.000101190 -0.000135102 1.000000000 0.000273760
0.999999940 -0.000264770 0.000016742 0.001576575 0.000264767 0.999999940 0.000145976 -0.003441853 -0.000016781 -0.000145972 1.000000000 -0.003984871
0.999999881 0.000314250 -0.000293255 0.006866139 -0.000314215 0.999999940 0.000118884 0.005235675 0.000293292 -0.000118792 0.999999940 -0.008323176
0.999999762 -0.000627240 -0.000166245 0.002332401 0.000627240 0.999999821 0.000001886 0.002659550 0.000166244 -0.000001990 1.000000000 -0.010697559
0.999999702 -0.000722065 -0.000209923 0.002228173 0.000722040 0.999999762 -0.000116544 0.010115831 0.000210007 0.000116392 1.000000000 -0.004509966
0.999999285 -0.001197822 -0.000068908 0.000415844 0.001197826 0.999999285 0.000063670 -0.001994985 0.000068831 -0.000063753 1.000000000 -0.000855647
1.000000000 -0.000057415 0.000049508 -0.000664017 0.000057403 0.999999940 0.000241075 -0.007387507 -0.000049521 -0.000241072 0.999999940 -0.001437268
1.000000000 -0.000131113 -0.000056026 0.000895024 0.000131115 1.000000000 0.000052480 0.004068662 0.000056019 -0.000052487 1.000000000 -0.004001792
1.000000000 -0.000120262 -0.000191365 0.004392493 0.000120247 1.000000000 -0.000075544 0.010539130 0.000191375 0.000075521 1.000000000 -0.001267472
0.999999702 -0.000781966 -0.000136455 0.001761665 0.000781943 0.999999702 -0.000169028 0.007515846 0.000136587 0.000168921 1.000000000 -0.004731792
0.999999046 -0.001374773 -0.000027875 -0.001821728 0.001374770 0.999999046 -0.000097812 0.005351126 0.000028009 0.000097773 1.000000000 0.003032669
0.999999642 -0.000851390 0.000019133 -0.002407136 0.000851393 0.999999642 -0.000165028 0.004422983 -0.000018992 0.000165044 1.000000000 -0.001347870
0.999999940 -0.000259465 0.000121456 -0.001734409 0.000259447 0.999999940 0.000146268 -0.001643776 -0.000121494 -0.000146236 1.000000000 0.004112646
0.999999940 0.000249780 -0.000151164 0.004105073 -0.000249766 0.999999940 0.000086751 0.002993319 0.000151185 -0.000086713 1.000000000 -0.004951832
0.999999940 -0.000286599 -0.000296322 0.005613771 0.000286623 0.999999940 0.000082041 0.000805699 0.000296298 -0.000082126 0.999999940 -0.006284116
0.999999583 -0.000892570 -0.000075451 -0.002461282 0.000892560 0.999999583 -0.000130513 0.009256863 0.000075568 0.000130445 1.000000000 -0.003342994
0.999999046 -0.001373210 0.000017138 -0.001548868 0.001373211 0.999999046 -0.000063711 0.004168781 -0.000017051 0.000063734 1.000000000 0.001524421
0.999999583 -0.000875910 0.000236179 -0.009977206 0.000875911 0.999999642 -0.000004658 0.000254458 -0.000236175 0.000004865 1.000000000 0.004512754
0.999999821 -0.000583239 0.000195324 -0.007550901 0.000583225 0.999999821 0.000069572 -0.000116979 -0.000195364 -0.000069458 1.000000000 -0.002928399
0.999999940 -0.000394523 0.000072106 -0.001152265 0.000394515 0.999999940 0.000113492 -0.005992342 -0.000072151 -0.000113463 1.000000000 -0.005065885
1.000000000 -0.000159231 0.000078878 -0.002550441 0.000159215 0.999999940 0.000197910 -0.005513847 -0.000078910 -0.000197898 1.000000000 -0.002616186
0.999999940 -0.000285070 0.000092170 -0.001497624 0.000285049 0.999999940 0.000224511 -0.006888965 -0.000092234 -0.000224485 1.000000000 0.002240658
1.000000000 0.000132518 -0.000038369 0.002519448 -0.000132509 0.999999940 0.000223968 -0.002576155 0.000038399 -0.000223963 1.000000000 -0.001231414
1.000000000 0.000181218 -0.000140358 0.002758221 -0.000181231 1.000000000 -0.000093559 0.009974215 0.000140341 0.000093585 1.000000000 -0.000955494
0.999999821 -0.000594367 -0.000105948 0.001185041 0.000594352 0.999999821 -0.000139317 0.005726546 0.000106031 0.000139254 1.000000000 -0.005728478
0.999999285 -0.001188525 -0.000151879 0.001751847 0.001188511 0.999999285 -0.000095725 0.011705274 0.000151993 0.000095544 1.000000000 -0.001268303
0.999999940 -0.000312569 0.000186169 -0.007370067 0.000312523 0.999999940 0.000252055 -0.002990438 -0.000186248 -0.000251997 0.999999940 0.000100800
1.000000000 -0.000073326 0.000103926 -0.003240325 0.000073323 1.000000000 0.000034886 0.001161863 -0.000103928 -0.000034878 1.000000000 -0.000983932
0.999999881 0.000431879 -0.000199942 0.005246148 -0.000431846 0.999999881 0.000167200 -0.000361661 0.000200014 -0.000167114 0.999999940 -0.005345027
0.999999940 -0.000336252 -0.000171493 0.005449614 0.000336244 0.999999940 -0.000050017 0.006827300 0.000171510 0.000049959 1.000000000 -0.003511463
0.999999881 -0.000477751 -0.000105312 0.001027763 0.000477750 0.999999881 -0.000008603 0.010131179 0.000105316 0.000008552 1.000000000 0.000830802
0.999999285 -0.001182670 -0.000140489 0.000853919 0.001182645 0.999999285 -0.000179193 0.006729763 0.000140701 0.000179027 1.000000000 -0.004347133
0.999999285 -0.001175984 0.000134871 -0.004083904 0.001175986 0.999999285 -0.000010731 -0.000713757 -0.000134858 0.000010890 1.000000000 0.002047726
0.999999762 -0.000646503 0.000149426 -0.004842022 0.000646485 0.999999762 0.000117693 -0.004553455 -0.000149502 -0.000117596 1.000000000 0.000519845
1.000000000 -0.000054456 0.000063122 -0.003005156 0.000054445 1.000000000 0.000177802 -0.005392912 -0.000063132 -0.000177798 1.000000000 0.000077631
0.999999940 0.000316191 -0.000016815 -0.001209061 -0.000316190 0.999999940 0.000073226 0.002526602 0.000016838 -0.000073220 1.000000000 -0.000727374
0.999999821 0.000533634 -0.000179701 0.003519866 -0.000533592 0.999999821 0.000232648 -0.001544047 0.000179826 -0.000232552 0.999999940 -0.005391069
1.000000000 -0.000033486 -0.000174295 0.003079209 0.000033503 1.000000000 0.000096185 -0.000408121 0.000174292 -0.000096191 1.000000000 -0.006953229
0.999999702 -0.000728751 -0.000098662 0.000374191 0.000728747 0.999999762 -0.000045442 0.004774568 0.000098695 0.000045370 1.000000000 -0.004268002
0.999999285 -0.001180933 -0.000052927 -0.001524464 0.001180921 0.999999285 -0.000222029 0.012165324 0.000053189 0.000221966 1.000000000 0.001574733
0.999999583 -0.000910791 -0.000012928 -0.001893752 0.000910791 0.999999583 0.000000141 -0.003890237 0.000012928 -0.000000153 1.000000000 -0.001738355
0.999999821 -0.000532609 0.000132705 -0.004962307 0.000532567 0.999999821 0.000315510 -0.009104218 -0.000132873 -0.000315439 0.999999940 -0.002182224
0.999999940 -0.000285533 0.000074619 -0.000974558 0.000285528 0.999999940 0.000072034 -0.005173832 -0.000074639 -0.000072012 1.000000000 0.000078019
0.999999940 0.000308724 -0.000050556 0.001096918 -0.000308715 0.999999940 0.000160998 -0.001838128 0.000050606 -0.000160982 1.000000000 -0.004794625
1.000000000 -0.000174501 -0.000111632 0.001881865 0.000174494 1.000000000 -0.000060951 0.004824981 0.000111643 0.000060931 1.000000000 -0.006453455
0.999999166 -0.001276742 -0.000046926 -0.000375514 0.001276734 0.999999166 -0.000172965 0.006769689 0.000047147 0.000172905 1.000000000 0.000409924
0.999999642 -0.000835810 0.000205744 -0.004172215 0.000835790 0.999999642 0.000096148 -0.005446615 -0.000205824 -0.000095976 1.000000000 0.000866115
0.999999940 0.000269332 0.000015884 0.000157563 -0.000269334 0.999999940 0.000127551 -0.000265043 -0.000015849 -0.000127556 1.000000000 -0.002470827
1.000000000 0.000083017 -0.000092210 0.001855300 -0.000082997 1.000000000 0.000218947 -0.003346193 0.000092228 -0.000218939 1.000000000 -0.005692058
0.999999523 -0.000983642 -0.000125981 -0.000800974 0.000983625 0.999999523 -0.000131016 0.003354245 0.000126110 0.000130892 1.000000000 -0.007329370
1.000000000 0.000031918 0.000020886 0.003097859 -0.000031921 1.000000000 0.000175630 -0.003432793 -0.000020880 -0.000175631 1.000000000 -0.002554349
0.999999702 -0.000768740 0.000004795 -0.003534753 0.000768738 0.999999702 0.000251880 -0.001095262 -0.000004989 -0.000251876 0.999999940 0.000899179
0.999999106 -0.001320571 -0.000237768 0.007198916 0.001320417 0.999998927 -0.000647792 0.013459023 0.000238623 0.000647478 0.999999762 -0.009299979
0.999999940 -0.000333424 0.000025782 0.006511542 0.000333425 0.999999940 -0.000031740 -0.000882101 -0.000025771 0.000031749 1.000000000 0.012246267
0.999999821 -0.000617586 0.000138852 -0.002661698 0.000617614 0.999999762 -0.000202581 0.005830848 -0.000138727 0.000202667 0.999999940 0.044005867
0.999999881 -0.000484509 0.000132991 -0.000237481 0.000484522 0.999999881 -0.000101784 -0.002557694 -0.000132941 0.000101848 1.000000000 0.077363081
1.000000000 -0.000045445 0.000131426 0.004528884 0.000045468 1.000000000 -0.000176106 0.006431853 -0.000131418 0.000176112 1.000000000 0.133934110
0.999999821 -0.000605537 0.000191772 -0.001899024 0.000605569 0.999999821 -0.000165130 0.002563079 -0.000191672 0.000165246 0.999999940 0.202099755
0.999999940 0.000228439 0.000102082 0.003734544 -0.000228416 0.999999940 -0.000230560 0.007274089 -0.000102134 0.000230536 0.999999940 0.306187600
0.999999821 -0.000379436 0.000394377 -0.003226687 0.000379552 0.999999881 -0.000294118 0.007242512 -0.000394265 0.000294268 0.999999881 0.418281287
0.999999881 -0.000393225 0.000362770 -0.005741131 0.000393340 0.999999881 -0.000317064 0.008645432 -0.000362646 0.000317207 0.999999881 0.555123091
0.999999523 -0.000946937 0.000330453 -0.000615611 0.000946965 0.999999523 -0.000084494 -0.000918174 -0.000330373 0.000084807 0.999999940 0.724982679
0.999999881 0.000205382 0.000444031 -0.003139863 -0.000205452 0.999999940 0.000156621 -0.005690877 -0.000443999 -0.000156712 0.999999881 0.925725341
0.999999583 0.000503019 0.000762590 -0.007989421 -0.000503008 0.999999881 -0.000014313 0.003394756 -0.000762597 0.000013930 0.999999702 1.143287182
0.999999464 -0.000613995 0.000813269 -0.018077683 0.000614017 0.999999821 -0.000026461 0.012457243 -0.000813253 0.000026961 0.999999642 1.403432369
0.999998987 -0.001067650 0.000966752 -0.025084486 0.001068023 0.999999344 -0.000385752 0.010559152 -0.000966340 0.000386784 0.999999464 1.693566561
0.999998271 -0.001744223 0.000666082 -0.021891741 0.001744107 0.999998450 0.000174717 -0.001632353 -0.000666386 -0.000173555 0.999999762 2.004612923
0.999995351 -0.002951504 0.000774391 -0.035412505 0.002951018 0.999995470 0.000628478 -0.016949685 -0.000776242 -0.000626190 0.999999523 2.363212824
0.999999583 -0.000406062 0.000846504 -0.018870058 0.000405657 0.999999821 0.000478247 0.010738846 -0.000846698 -0.000477904 0.999999523 2.736149549
0.999999285 0.000182655 0.001185291 -0.037687439 -0.000182950 0.999999940 0.000249411 0.013046475 -0.001185246 -0.000249627 0.999999285 3.164294720
0.999999344 -0.000061043 0.001125350 -0.037550233 0.000061005 1.000000000 0.000033410 0.022364719 -0.001125352 -0.000033342 0.999999344 3.623403549
0.999998748 -0.001575698 0.000202286 -0.026724702 0.001575491 0.999998212 0.001019431 -0.012178842 -0.000203891 -0.001019111 0.999999464 4.097453594
0.999999285 -0.001105158 0.000394230 -0.032999296 0.001104651 0.999998569 0.001283263 -0.004780032 -0.000395647 -0.001282827 0.999999106 4.621585369
0.999999404 -0.001048109 0.000221810 -0.040898670 0.001047787 0.999998391 0.001442903 0.001807710 -0.000223322 -0.001442670 0.999998927 5.174759388
0.999999821 -0.000240287 0.000491532 -0.034771968 0.000239316 0.999998033 0.001974736 -0.009442760 -0.000492005 -0.001974618 0.999997914 5.742406368
0.999999881 0.000024004 0.000517670 -0.053909928 -0.000025127 0.999997675 0.002169455 -0.010623637 -0.000517617 -0.002169468 0.999997497 6.393204689
0.999998808 -0.001322408 0.000806806 -0.054239444 0.001320703 0.999996901 0.002110333 -0.009149292 -0.000809595 -0.002109265 0.999997437 7.048355579
0.999999583 -0.000323762 0.000851815 -0.058346260 0.000321665 0.999996901 0.002460815 -0.005278815 -0.000852609 -0.002460540 0.999996603 7.724116802
0.999998689 -0.001504734 0.000555370 -0.066144161 0.001503282 0.999995470 0.002605829 -0.012678731 -0.000559289 -0.002604990 0.999996424 8.475477219
0.999997318 -0.002288851 0.000393163 -0.074396506 0.002287684 0.999993026 0.002943296 -0.002446638 -0.000399897 -0.002942388 0.999995589 9.239114761
0.999997079 -0.002349518 0.000605054 -0.080617979 0.002347670 0.999992609 0.003035541 -0.003267934 -0.000612181 -0.003034112 0.999995232 10.042114258
0.999997914 -0.001956291 0.000605726 -0.087138779 0.001953985 0.999990940 0.003784069 -0.006711333 -0.000613123 -0.003782877 0.999992669 10.875168800
0.999999881 -0.000431446 -0.000035525 -0.088269152 0.000431564 0.999994099 0.003411916 0.006082154 0.000034053 -0.003411931 0.999994159 11.737433434
0.999998331 -0.001808126 0.000183506 -0.096720703 0.001807444 0.999991715 0.003649326 -0.008806949 -0.000190102 -0.003648988 0.999993324 12.619636536
0.999995589 -0.002820178 0.000950622 -0.109094866 0.002816160 0.999987185 0.004202751 -0.011894438 -0.000962462 -0.004200054 0.999990702 13.519319534
0.999999702 -0.000551599 0.000575064 -0.110878646 0.000548901 0.999988914 0.004681390 0.007009158 -0.000577640 -0.004681072 0.999988854 14.454076767
0.999993801 -0.003414087 0.000860233 -0.132058218 0.003410562 0.999985933 0.004066624 0.008390047 -0.000874104 -0.004063665 0.999991357 15.429147720
0.999994457 -0.003093219 0.001240343 -0.143843889 0.003088562 0.999988258 0.003739332 0.006195184 -0.001251895 -0.003735480 0.999992251 16.417701721
0.999998987 -0.001006836 0.000996728 -0.141080290 0.001001965 0.999987602 0.004875245 0.010910963 -0.001001624 -0.004874241 0.999987602 17.427541733
0.999998391 -0.001630884 0.000783103 -0.146499962 0.001627042 0.999986768 0.004881782 0.002160205 -0.000791054 -0.004880500 0.999987781 18.475355148
0.999999642 0.000659324 0.000507631 -0.140907347 -0.000662141 0.999984264 0.005570255 0.004935692 -0.000503951 -0.005570590 0.999984384 19.538070679
0.999996901 -0.002337287 0.000886865 -0.169058010 0.002333180 0.999986708 0.004603915 0.004149130 -0.000897614 -0.004601832 0.999989033 20.636207581
0.999998510 -0.001434216 0.000966870 -0.182515636 0.001429243 0.999985874 0.005124214 0.000055420 -0.000974206 -0.005122825 0.999986410 21.786138535
0.999998271 -0.001540801 0.001032908 -0.186407119 0.001535330 0.999984920 0.005276448 -0.000166749 -0.001041022 -0.005274852 0.999985576 22.922279358
0.999999046 -0.000791961 0.001148050 -0.187983304 0.000786064 0.999986529 0.005127653 0.006824895 -0.001152096 -0.005126746 0.999986172 24.094442368
0.999998093 -0.001209109 0.001549441 -0.197432324 0.001200342 0.999983311 0.005646556 -0.011537676 -0.001556243 -0.005644685 0.999982834 25.311950684
0.999998689 0.000045328 0.001613832 -0.207323790 -0.000054843 0.999982595 0.005896214 -0.006262653 -0.001613536 -0.005896295 0.999981344 26.546897888
0.999997556 -0.001162212 0.001890719 -0.243231401 0.001150166 0.999979138 0.006359631 0.003143074 -0.001898071 -0.006357440 0.999978006 31.687173843
0.999997258 -0.001408575 0.001875327 -0.250617385 0.001396341 0.999977827 0.006508872 0.000553647 -0.001884454 -0.006506236 0.999977052 33.040946960
0.999997854 -0.000105853 0.002075120 -0.264143616 0.000091961 0.999977589 0.006693380 0.021053860 -0.002075782 -0.006693176 0.999975443 34.391021729
0.999998629 -0.000850060 0.001403130 -0.265080988 0.000840276 0.999975443 0.006958685 0.013634314 -0.001409010 -0.006957497 0.999974787 35.808341980
0.999995470 -0.002218228 0.002022492 -0.289973080 0.002203649 0.999971807 0.007182325 0.006057207 -0.002038367 -0.007177836 0.999972165 37.212699890
0.999999464 -0.000457357 0.000906749 -0.299398392 0.000450951 0.999975026 0.007052915 0.010320714 -0.000909952 -0.007052503 0.999974728 38.680988312
0.999998868 -0.000911358 0.001199809 -0.319902509 0.000903172 0.999976456 0.006805360 0.019506605 -0.001205983 -0.006804269 0.999976099 40.118869781
0.999997616 -0.001077939 0.001887048 -0.329350293 0.001064707 0.999974966 0.006999265 0.026853498 -0.001894545 -0.006997240 0.999973714 41.592967987
0.999999285 0.000072518 0.001206626 -0.334202141 -0.000081446 0.999972582 0.007401073 0.020973176 -0.001206056 -0.007401166 0.999971867 43.101470947
0.999996185 -0.002299517 0.001529909 -0.343060434 0.002287186 0.999965250 0.008013117 0.018541301 -0.001548282 -0.008009587 0.999966741 44.618968964
0.999998689 -0.000823628 0.001401251 -0.356950969 0.000811547 0.999962687 0.008600621 0.033659577 -0.001408282 -0.008599471 0.999962032 46.165790558
0.999998093 -0.001885285 0.000486066 -0.368698210 0.001880957 0.999959886 0.008756471 0.050347466 -0.000502555 -0.008755540 0.999961555 47.730007172
0.999998212 -0.001639589 0.000961647 -0.360909671 0.001630611 0.999955773 0.009263737 0.035057820 -0.000976793 -0.009262152 0.999956608 49.310356140
0.999998927 -0.000610238 0.001337310 -0.391423404 0.000598315 0.999960244 0.008898322 0.048245575 -0.001342687 -0.008897512 0.999959528 50.914333344
0.999999225 -0.000077452 0.001248288 -0.399714261 0.000065183 0.999951720 0.009825319 0.051056325 -0.001248989 -0.009825230 0.999950945 52.531360626
0.999998748 0.000563817 0.001492183 -0.411574751 -0.000578143 0.999953568 0.009617861 0.052058421 -0.001486691 -0.009618713 0.999952614 54.149696350
0.999997854 -0.001878822 0.000848079 -0.411395758 0.001871209 0.999958754 0.008890164 0.054340426 -0.000864747 -0.008888558 0.999960124 55.814548492
0.999996364 -0.002211614 0.001560314 -0.435027003 0.002196471 0.999951124 0.009641092 0.075722709 -0.001581560 -0.009637630 0.999952316 57.469226837
0.999995351 -0.002423004 0.001835824 -0.441732854 0.002405787 0.999953628 0.009323138 0.086213596 -0.001858329 -0.009318679 0.999954879 59.109806061
0.999997735 -0.001096347 0.001814266 -0.451376438 0.001078404 0.999950767 0.009861567 0.086786330 -0.001824988 -0.009859589 0.999949753 60.806583405
0.999998689 -0.000070256 0.001602554 -0.455252230 0.000055530 0.999957800 0.009187133 0.098002516 -0.001603132 -0.009187032 0.999956489 62.483676910
0.999998569 -0.000748718 0.001516307 -0.466733098 0.000733594 0.999950230 0.009950800 0.099677645 -0.001523682 -0.009949673 0.999949336 64.184448242
0.999999225 -0.000745392 0.000992792 -0.479383707 0.000735769 0.999953091 0.009658646 0.110532448 -0.000999945 -0.009657908 0.999952853 65.877601624
0.999999940 -0.000095141 0.000299047 -0.499055654 0.000092166 0.999950707 0.009931351 0.120568216 -0.000299977 -0.009931323 0.999950647 67.553627014
0.999999881 0.000215353 0.000418848 -0.507218421 -0.000219863 0.999941647 0.010798481 0.128077388 -0.000416498 -0.010798573 0.999941587 69.263412476
0.999998987 -0.001219141 0.000764644 -0.523461223 0.001211316 0.999947727 0.010151404 0.141667664 -0.000776980 -0.010150467 0.999948204 70.974159241
0.999999344 -0.000295712 0.001094172 -0.534806430 0.000284409 0.999946773 0.010315849 0.149227485 -0.001097164 -0.010315530 0.999946177 72.684181213
0.999994695 -0.002559580 0.002008864 -0.571493149 0.002537319 0.999936223 0.011006641 0.130167112 -0.002036908 -0.011001485 0.999937415 74.412742615
0.999999464 -0.000156980 0.001049673 -0.557072639 0.000146574 0.999950945 0.009906463 0.165780097 -0.001051176 -0.009906303 0.999950349 76.085876465
0.999998271 -0.000957152 0.001599876 -0.579506457 0.000941208 0.999950171 0.009936949 0.156294033 -0.001609307 -0.009935426 0.999949336 77.834159851
0.999998569 0.001090637 0.001310013 -0.585505426 -0.001102271 0.999959648 0.008912730 0.193870351 -0.001300239 -0.008914161 0.999959409 79.528709412
0.999998629 -0.000805523 0.001463985 -0.604917645 0.000790693 0.999948680 0.010102605 0.162143812 -0.001472048 -0.010101434 0.999947906 81.264198303
0.999998987 -0.000355380 0.001370938 -0.613260925 0.000342564 0.999956369 0.009337327 0.181124911 -0.001374196 -0.009336849 0.999955475 82.987152100
0.999998987 0.000120805 0.001399153 -0.626954138 -0.000133171 0.999960899 0.008841624 0.192546710 -0.001398030 -0.008841801 0.999959946 84.695899963
0.999998927 0.000309326 0.001447759 -0.638512373 -0.000322006 0.999961495 0.008766164 0.187982887 -0.001444992 -0.008766620 0.999960542 86.447807312
0.999997735 0.000354532 0.002098375 -0.656376600 -0.000372157 0.999964595 0.008404880 0.212102219 -0.002095321 -0.008405642 0.999962449 88.151962280
0.999995351 -0.000584575 0.002997190 -0.671349823 0.000556407 0.999955773 0.009390176 0.193067789 -0.003002547 -0.009388465 0.999951422 89.893371582
0.999995708 -0.000342762 0.002911767 -0.674715996 0.000318704 0.999965847 0.008258777 0.210048407 -0.002914499 -0.008257814 0.999961674 91.630126953
0.999996424 0.000569867 0.002617228 -0.681753635 -0.000590514 0.999968648 0.007894745 0.220718205 -0.002612646 -0.007896263 0.999965429 93.361946106
0.999997497 0.000779007 0.002099154 -0.692005217 -0.000793939 0.999974310 0.007121755 0.222610757 -0.002093552 -0.007123403 0.999972463 95.087432861
0.999998808 0.000114632 0.001552059 -0.702216685 -0.000125041 0.999977469 0.006708313 0.234319210 -0.001551255 -0.006708499 0.999976277 96.817443848
0.999998987 0.000089122 0.001415635 -0.715267360 -0.000099899 0.999971032 0.007614738 0.235918686 -0.001414915 -0.007614872 0.999970019 98.544303894
0.999999464 0.000011449 0.001015470 -0.721643388 -0.000019287 0.999970198 0.007718688 0.242830172 -0.001015352 -0.007718704 0.999969721 100.277595520
0.999999523 0.000694533 0.000714532 -0.744172871 -0.000699395 0.999976456 0.006825789 0.247757122 -0.000709775 -0.006826285 0.999976456 102.014472961
0.999997914 0.001353377 0.001537874 -0.749190867 -0.001362919 0.999979734 0.006220180 0.240628377 -0.001529425 -0.006222263 0.999979496 103.739273071
0.999996901 0.001250345 0.002160088 -0.754359365 -0.001261864 0.999984920 0.005339716 0.244215921 -0.002153379 -0.005342425 0.999983430 105.462425232
0.999997437 0.000244386 0.002245128 -0.775214911 -0.000255411 0.999987900 0.004911973 0.232734770 -0.002243901 -0.004912533 0.999985397 107.199172974
0.999997258 -0.000721313 0.002229315 -0.779278517 0.000711463 0.999989986 0.004415676 0.227295250 -0.002232478 -0.004414078 0.999987781 108.949684143
0.999997199 -0.001204303 0.002030786 -0.791952729 0.001195244 0.999989331 0.004456438 0.230128109 -0.002036131 -0.004453998 0.999988019 110.683029175
0.999999464 -0.000006714 0.001034301 -0.793322980 0.000003105 0.999993920 0.003489448 0.232857212 -0.001034319 -0.003489443 0.999993384 112.424743652
0.999998689 -0.000865849 0.001379671 -0.810473084 0.000862835 0.999997258 0.002183528 0.224271297 -0.001381558 -0.002182334 0.999996662 114.177726746
0.999997616 -0.001332760 0.001738384 -0.814987779 0.001330661 0.999998391 0.001208164 0.220412165 -0.001739992 -0.001205848 0.999997735 115.922760010
0.999998271 -0.000110884 0.001852449 -0.827177763 0.000110241 0.999999940 0.000346979 0.216766402 -0.001852487 -0.000346774 0.999998212 117.648445129
0.999998689 -0.000708531 0.001440052 -0.839984119 0.000708563 0.999999762 -0.000021647 0.199910447 -0.001440036 0.000022667 0.999998987 119.400566101
0.999999225 0.000181633 0.001221696 -0.844036937 -0.000180773 0.999999762 -0.000703751 0.195125952 -0.001221824 0.000703530 0.999998987 121.164421082
0.999998569 -0.000111665 0.001676413 -0.854965031 0.000114708 0.999998331 -0.001814794 0.179542735 -0.001676208 0.001814984 0.999996960 122.907203674
0.999997914 -0.000308523 0.002032456 -0.887363791 0.000313407 0.999997079 -0.002402919 0.156527400 -0.002031708 0.002403551 0.999995053 124.638465881
0.999997377 0.000844343 0.002132908 -0.887541413 -0.000837812 0.999994993 -0.003061141 0.158782497 -0.002135482 0.003059346 0.999993026 126.392189026
0.999997973 0.000860106 0.001819213 -0.893125415 -0.000853972 0.999993980 -0.003369989 0.142956048 -0.001822100 0.003368429 0.999992669 128.142288208
0.999998152 0.000233115 0.001912585 -0.911670923 -0.000224917 0.999990821 -0.004285276 0.128995389 -0.001913566 0.004284838 0.999988973 129.892364502
0.999998510 -0.000874828 0.001482667 -0.911405504 0.000883263 0.999983370 -0.005697568 0.109462999 -0.001477657 0.005698869 0.999982655 131.640808105
0.999997914 -0.001417857 0.001470866 -0.922218621 0.001427531 0.999977231 -0.006597094 0.083542503 -0.001461479 0.006599180 0.999977171 133.383789062
0.999997556 -0.001077397 0.001927681 -0.939439833 0.001090812 0.999975085 -0.006971713 0.061675999 -0.001920121 0.006973799 0.999973834 135.141616821
0.999997497 -0.000517579 0.002183334 -0.950717568 0.000534957 0.999968112 -0.007966356 0.042351004 -0.002179141 0.007967504 0.999965906 136.888092041
0.999997020 -0.000721956 0.002326550 -0.957197607 0.000742968 0.999958813 -0.009043368 0.028243808 -0.002319925 0.009045070 0.999956429 138.636535645
0.999996662 -0.001314752 0.002235930 -0.963587403 0.001337564 0.999946773 -0.010231726 -0.002941930 -0.002222359 0.010234682 0.999945164 140.391143799
0.999996662 -0.001154027 0.002303283 -0.969293654 0.001180227 0.999934256 -0.011406269 -0.028598335 -0.002289968 0.011408949 0.999932289 142.160461426
0.999996901 -0.001353922 0.002086275 -0.990550458 0.001380203 0.999919057 -0.012647408 -0.057394151 -0.002068983 0.012650249 0.999917865 143.897247314
0.999998212 -0.000776797 0.001725142 -1.000888109 0.000800243 0.999906778 -0.013631651 -0.092621058 -0.001714392 0.013633007 0.999905586 145.675216675
0.999998748 -0.000555242 0.001497180 -0.998898864 0.000577850 0.999885201 -0.015142205 -0.107695110 -0.001488600 0.015143051 0.999884248 147.437561035
0.999993980 -0.003281062 0.001122723 -1.008725166 0.003299079 0.999859393 -0.016441362 -0.164881706 -0.001068620 0.016444968 0.999864221 149.178573608
0.999997318 -0.002070416 0.001047587 -1.025366545 0.002088503 0.999843478 -0.017570280 -0.207507387 -0.001011045 0.017572422 0.999845088 150.958129883
0.999996543 -0.002316667 0.001250107 -1.032030106 0.002339562 0.999823630 -0.018634809 -0.243932888 -0.001206716 0.018637670 0.999825597 152.713607788
0.999997020 -0.002112802 0.001242845 -1.038889408 0.002136847 0.999804139 -0.019674195 -0.288049787 -0.001201034 0.019676792 0.999805689 154.474090576
0.999999166 -0.000475721 0.001221412 -1.056121349 0.000500826 0.999786913 -0.020637175 -0.331874788 -0.001211334 0.020637767 0.999786258 156.243637085
0.999996543 -0.002231135 0.001394968 -1.061600089 0.002260869 0.999762177 -0.021689799 -0.399448991 -0.001346243 0.021692876 0.999763787 158.010940552
0.999998569 -0.001291583 0.001067052 -1.068350077 0.001315993 0.999729931 -0.023201739 -0.447434127 -0.001036797 0.023203110 0.999730229 159.771881104
0.999999344 -0.000537291 0.000989732 -1.085749269 0.000561733 0.999690711 -0.024863776 -0.496105194 -0.000976067 0.024864316 0.999690354 161.545410156
0.999999523 -0.000018897 0.000946316 -1.097802281 0.000043416 0.999664128 -0.025916765 -0.547206044 -0.000945509 0.025916794 0.999663651 163.283432007
0.999998987 0.000394897 0.001384436 -1.118091583 -0.000357151 0.999631047 -0.027159601 -0.612148166 -0.001394651 0.027159080 0.999630153 165.057876587
0.999999523 0.000435073 0.000883132 -1.118960261 -0.000409038 0.999571443 -0.029270297 -0.655680180 -0.000895488 0.029269921 0.999571145 166.841735840
0.999998987 -0.000499376 0.001312240 -1.140448332 0.000539779 0.999520123 -0.030971993 -0.734215200 -0.001296143 0.030972671 0.999519408 168.593139648
0.999997735 -0.000444373 0.002067653 -1.158249497 0.000510896 0.999478579 -0.032284822 -0.792952359 -0.002052228 0.032285806 0.999476552 170.351715088
0.999996483 -0.000688282 0.002567124 -1.169190645 0.000774490 0.999430597 -0.033733182 -0.873387992 -0.002542445 0.033735052 0.999427557 172.102416992
0.999996066 -0.001327808 0.002460871 -1.161408067 0.001413867 0.999375582 -0.035305519 -0.945358038 -0.002412456 0.035308857 0.999373555 173.874130249
0.999997377 -0.000554504 0.002209351 -1.179950237 0.000635308 0.999324560 -0.036742374 -1.011136413 -0.002187485 0.036743686 0.999322355 175.668380737
0.999998093 -0.000999513 0.001683664 -1.185423851 0.001062785 0.999276876 -0.038008325 -1.092438698 -0.001644457 0.038010038 0.999275982 177.433990479
0.999998212 -0.000788745 0.001723584 -1.194438934 0.000856898 0.999203086 -0.039905503 -1.181427717 -0.001690735 0.039906912 0.999201953 179.193786621
0.999998927 -0.000462278 0.001372203 -1.194513083 0.000518667 0.999143243 -0.041381910 -1.265555501 -0.001351897 0.041382581 0.999142468 180.988876343
0.999997914 -0.000962382 0.001789004 -1.214652181 0.001039298 0.999052763 -0.043502301 -1.342279673 -0.001745444 0.043504074 0.999051750 182.758728027
0.999997854 -0.000320529 0.002060370 -1.230884433 0.000414071 0.998961449 -0.045561641 -1.445314884 -0.002043626 0.045562394 0.998959422 184.520660400
0.999996960 0.000249044 0.002447457 -1.244995236 -0.000132780 0.998876452 -0.047389619 -1.557064295 -0.002456509 0.047389150 0.998873472 186.294815063
0.999995589 0.000295367 0.002954452 -1.260746598 -0.000148905 0.998776555 -0.049450990 -1.640079856 -0.002965443 0.049450334 0.998772204 188.063232422
0.999997199 0.000142801 0.002368777 -1.254832983 -0.000020000 0.998659492 -0.051760621 -1.737933993 -0.002372993 0.051760428 0.998656690 189.851165771
0.999997079 -0.000323880 0.002404974 -1.268031478 0.000453236 0.998541772 -0.053982634 -1.847566247 -0.002383983 0.053983565 0.998538971 191.615158081
0.999996305 -0.001041845 0.002499771 -1.279093385 0.001181524 0.998399496 -0.056542091 -1.974748015 -0.002436862 0.056544840 0.998397112 193.377273560
0.999996662 -0.000491159 0.002537784 -1.293413997 0.000639485 0.998270690 -0.058780964 -2.079167604 -0.002504525 0.058782388 0.998267651 195.144775391
0.999997318 -0.001252510 0.001952046 -1.289360523 0.001367988 0.998177886 -0.060324691 -2.208596468 -0.001872932 0.060327202 0.998176873 196.938308716
0.999996722 -0.001286749 0.002217046 -1.316980481 0.001422185 0.998062015 -0.062210992 -2.321550369 -0.002132699 0.062213942 0.998060584 198.730819702
0.999993086 -0.002596302 0.002666675 -1.316377640 0.002764003 0.997885406 -0.064939260 -2.451237679 -0.002492434 0.064946175 0.997885644 200.492553711
0.999996841 -0.000837120 0.002375619 -1.315756083 0.000995505 0.997720599 -0.067472994 -2.580466509 -0.002313721 0.067475140 0.997718275 202.267379761
0.999996603 -0.000729737 0.002509968 -1.330479980 0.000904476 0.997522891 -0.070336767 -2.724081755 -0.002452423 0.070338793 0.997520149 204.028015137
0.999993324 -0.001176242 0.003466668 -1.344505668 0.001423121 0.997396708 -0.072095893 -2.868469000 -0.003372841 0.072100349 0.997391701 205.795806885
0.999991119 -0.001482799 0.003940918 -1.342725992 0.001768798 0.997287095 -0.073588476 -3.013022900 -0.003821111 0.073594794 0.997280896 207.561141968
0.999994040 -0.000150194 0.003449518 -1.350929022 0.000407028 0.997215271 -0.074575476 -3.153899670 -0.003428712 0.074576430 0.997209430 209.336761475
0.999994040 -0.000824319 0.003350465 -1.368071079 0.001078071 0.997072458 -0.076454654 -3.299890995 -0.003277633 0.076457813 0.997067451 211.125076294
0.999996960 0.000004442 0.002464310 -1.357074261 0.000189582 0.996896148 -0.078727908 -3.435202837 -0.002457011 0.078728132 0.996893108 212.900161743
