1.000000000 -0.000235840 -0.000033740 -0.000673598 0.000235842 1.000000000 0.000043903 0.002704198 0.000033729 -0.000043911 1.000000000 0.001476854
0.999999940 -0.000247638 -0.000289226 0.002142672 0.000247615 0.999999940 -0.000079845 0.005630335 0.000289246 0.000079773 0.999999940 -0.005001085
0.999999940 -0.000231377 -0.000237626 0.001611585 0.000231373 1.000000000 -0.000015835 0.003950403 0.000237629 0.000015781 1.000000000 -0.005814475
0.999999821 -0.000538860 -0.000344497 0.001459027 0.000538859 0.999999881 -0.000003095 0.003374870 0.000344498 0.000002909 0.999999940 -0.009608109
1.000000000 -0.000121343 -0.000202169 0.001853069 0.000121326 1.000000000 -0.000085456 0.002428267 0.000202179 0.000085432 1.000000000 -0.004041772
0.999999940 -0.000249103 -0.000210143 0.001657019 0.000249118 0.999999940 0.000069659 0.001270205 0.000210126 -0.000069711 1.000000000 -0.002739436
1.000000000 -0.000077820 0.000002248 -0.000236557 0.000077820 1.000000000 0.000094429 -0.000921839 -0.000002256 -0.000094429 1.000000000 -0.001493307
0.999999940 -0.000270999 -0.000184384 -0.000882904 0.000271003 0.999999940 0.000019557 -0.000783270 0.000184379 -0.000019607 1.000000000 -0.004357809
0.999999940 -0.000237489 -0.000064494 -0.002772020 0.000237479 0.999999940 -0.000161471 0.003922561 0.000064533 0.000161456 1.000000000 -0.005748082
0.999999940 -0.000178466 -0.000236073 0.000083959 0.000178443 1.000000000 -0.000096437 0.003172659 0.000236090 0.000096394 0.999999940 -0.006904570
1.000000000 -0.000093148 -0.000063072 -0.001343049 0.000093143 1.000000000 -0.000082166 0.004786644 0.000063080 0.000082160 1.000000000 -0.007275251
1.000000000 -0.000126460 -0.000022532 -0.000635336 0.000126457 1.000000000 -0.000137724 0.003404138 0.000022549 0.000137721 1.000000000 -0.006792146
0.999999881 -0.000453051 -0.000176525 -0.000632960 0.000453056 0.999999881 0.000029276 -0.001708918 0.000176512 -0.000029356 1.000000000 -0.003947640
0.999999702 -0.000691840 -0.000353932 0.000906215 0.000691857 0.999999762 0.000049482 -0.002819916 0.000353898 -0.000049727 0.999999940 0.002834942
0.999999940 -0.000241481 -0.000087915 -0.001392770 0.000241480 1.000000000 -0.000014389 -0.000574449 0.000087919 0.000014367 1.000000000 -0.004148165
0.999999881 -0.000444210 -0.000205449 0.000123332 0.000444201 0.999999881 -0.000042092 0.000487770 0.000205468 0.000042000 1.000000000 -0.001268679
1.000000000 -0.000213773 0.000065060 -0.004653738 0.000213776 1.000000000 -0.000044544 -0.003213370 -0.000065051 0.000044557 1.000000000 -0.003535979
1.000000000 0.000117214 0.000042652 -0.000921695 -0.000117211 1.000000000 -0.000083204 0.005469556 -0.000042662 0.000083199 1.000000000 -0.004761789
1.000000000 -0.000194197 -0.000118386 -0.000443160 0.000194185 1.000000000 -0.000097969 0.000930359 0.000118405 0.000097946 1.000000000 -0.005390140
1.000000000 -0.000161352 -0.000077726 0.000117981 0.000161348 1.000000000 -0.000046996 0.004691309 0.000077734 0.000046984 1.000000000 -0.005581837
1.000000000 -0.000228847 -0.000040890 -0.001355521 0.000228841 0.999999940 -0.000149972 0.003705708 0.000040924 0.000149962 1.000000000 -0.005906196
1.000000000 0.000203800 0.000022142 0.003246321 -0.000203795 0.999999940 -0.000199858 0.004543712 -0.000022183 0.000199854 1.000000000 -0.001292941
1.000000000 -0.000045089 -0.000000646 -0.000580084 0.000045089 1.000000000 -0.000096021 -0.001443415 0.000000650 0.000096021 1.000000000 -0.002314363
0.999999940 -0.000204744 -0.000170379 0.000365439 0.000204728 1.000000000 -0.000092583 0.000335544 0.000170397 0.000092548 1.000000000 -0.002440182
0.999999940 0.000375179 0.000032866 0.000586784 -0.000375178 0.999999940 -0.000022565 0.003644463 -0.000032874 0.000022553 1.000000000 -0.003803615
0.999999940 -0.000107094 -0.000356229 0.002349174 0.000107048 1.000000000 -0.000129284 0.004416369 0.000356243 0.000129245 0.999999940 -0.004369769
0.999999940 -0.000047959 -0.000274562 0.002281761 0.000047956 1.000000000 -0.000010836 0.002631748 0.000274562 0.000010823 0.999999940 -0.006603356
1.000000000 -0.000066771 -0.000114565 0.001851280 0.000066779 1.000000000 0.000067403 -0.000015495 0.000114560 -0.000067411 1.000000000 -0.005557275
0.999999940 -0.000136134 -0.000210897 0.002039445 0.000136133 1.000000000 -0.000003977 -0.001971358 0.000210897 0.000003949 1.000000000 -0.004550376
1.000000000 -0.000066155 -0.000114335 0.000183303 0.000066151 1.000000000 -0.000035630 0.000456005 0.000114337 0.000035622 1.000000000 -0.002426080
0.999999940 0.000168071 -0.000208989 0.005987730 -0.000168074 1.000000000 -0.000015728 0.005158247 0.000208986 0.000015763 1.000000000 -0.004305239
1.000000000 -0.000021811 -0.000195952 0.001558464 0.000021806 1.000000000 -0.000026331 0.002050243 0.000195953 0.000026326 1.000000000 -0.004892938
0.999999821 -0.000502637 -0.000323720 0.000755206 0.000502656 0.999999881 0.000058602 -0.000962835 0.000323691 -0.000058765 0.999999940 -0.004723482
0.999999821 -0.000432691 -0.000354434 0.001191562 0.000432699 0.999999881 0.000023008 -0.000238734 0.000354424 -0.000023161 0.999999940 -0.003019142
0.999999821 -0.000529649 -0.000344155 0.001753744 0.000529653 0.999999881 0.000011947 -0.001458257 0.000344148 -0.000012129 0.999999940 -0.005678718
0.999999940 -0.000211892 -0.000350356 0.003512577 0.000211916 1.000000000 0.000069729 -0.000476700 0.000350341 -0.000069803 0.999999940 -0.005896136
0.999999821 -0.000366419 -0.000419515 0.003298195 0.000366419 0.999999940 -0.000000133 0.000196604 0.000419515 -0.000000021 0.999999940 -0.005990284
0.999999940 -0.000278423 -0.000216614 0.000368618 0.000278430 0.999999940 0.000036807 -0.000762596 0.000216603 -0.000036868 1.000000000 -0.004163623
0.999999940 -0.000367619 -0.000150169 -0.002370851 0.000367601 0.999999940 -0.000120962 0.000511131 0.000150214 0.000120907 1.000000000 0.000825823
1.000000000 -0.000075664 -0.000228071 0.002327480 0.000075677 1.000000000 0.000056122 -0.001178282 0.000228067 -0.000056140 1.000000000 0.000007718
1.000000000 -0.000153129 -0.000151217 -0.001023118 0.000153135 1.000000000 0.000043999 -0.006137268 0.000151210 -0.000044022 1.000000000 -0.000022178
0.999999940 -0.000174788 -0.000185864 -0.000106522 0.000174778 1.000000000 -0.000054654 -0.000698498 0.000185873 0.000054622 1.000000000 -0.003630779
0.999999940 -0.000306376 -0.000079409 -0.001569258 0.000306377 0.999999940 0.000010191 0.001446726 0.000079406 -0.000010215 1.000000000 -0.008409658
0.999998927 -0.001336405 -0.000600271 -0.001171832 0.001336472 0.999999106 0.000110821 -0.010936159 0.000600122 -0.000111623 0.999999821 -0.001584182
0.999999642 -0.000718233 -0.000385439 -0.000149386 0.000718234 0.999999762 0.000002902 -0.004619475 0.000385437 -0.000003179 0.999999940 -0.000720109
0.999999940 -0.000221110 -0.000264114 0.002225566 0.000221115 1.000000000 0.000017565 0.000825030 0.000264110 -0.000017623 0.999999940 -0.004208071
0.999999940 -0.000171974 -0.000346022 0.003597575 0.000171935 1.000000000 -0.000111588 0.000327240 0.000346041 0.000111528 0.999999940 -0.005734717
1.000000000 -0.000210557 -0.000088136 -0.001477250 0.000210564 1.000000000 0.000079730 -0.004568200 0.000088119 -0.000079749 1.000000000 -0.003640871
0.999999940 -0.000126860 -0.000226065 0.002429765 0.000126826 1.000000000 -0.000148657 0.003133205 0.000226083 0.000148628 0.999999940 -0.004892814
0.999999940 -0.000347001 -0.000221116 0.001980049 0.000347009 0.999999940 0.000033916 0.002098236 0.000221104 -0.000033993 1.000000000 -0.005566768
0.999999821 -0.000458994 -0.000302206 0.001796928 0.000458980 0.999999881 -0.000044610 0.004646483 0.000302227 0.000044471 0.999999940 -0.003848403
0.999999821 0.000524862 0.000375585 -0.001756155 -0.000524827 0.999999881 -0.000093970 0.002831761 -0.000375634 0.000093773 0.999999940 -0.002562829
1.000000000 -0.000100944 0.000192771 -0.002920685 0.000100960 1.000000000 -0.000083937 0.002965620 -0.000192762 0.000083957 1.000000000 -0.002148024
0.999999762 -0.000663978 -0.000192981 -0.005526944 0.000663994 0.999999762 0.000078818 -0.005324754 0.000192929 -0.000078946 1.000000000 -0.001440132
0.999999940 -0.000296781 -0.000196835 -0.000233068 0.000296790 0.999999940 0.000046793 0.000543644 0.000196821 -0.000046852 1.000000000 0.001045981
0.999999940 0.000019691 -0.000251122 0.002420169 -0.000019677 1.000000000 0.000056372 -0.001488080 0.000251123 -0.000056367 0.999999940 -0.000939358
1.000000000 -0.000041018 0.000008249 -0.002312529 0.000041017 1.000000000 0.000052772 -0.000956157 -0.000008251 -0.000052772 1.000000000 -0.003169449
1.000000000 -0.000118654 -0.000064808 -0.000379799 0.000118654 1.000000000 -0.000003976 0.001039607 0.000064809 0.000003969 1.000000000 -0.005111511
0.999999940 -0.000366221 -0.000015396 -0.002080783 0.000366222 0.999999940 0.000074692 -0.002980313 0.000015368 -0.000074697 1.000000000 -0.000230402
0.999999404 -0.000959434 -0.000462448 -0.000508615 0.000959493 0.999999523 0.000127060 -0.004405947 0.000462326 -0.000127503 0.999999881 -0.002272768
0.999999583 -0.000812277 -0.000364207 -0.000987857 0.000812320 0.999999642 0.000117999 -0.005522557 0.000364111 -0.000118295 0.999999940 -0.000265659
0.999999821 -0.000557465 -0.000209285 -0.001470728 0.000557462 0.999999821 -0.000014172 -0.000367754 0.000209293 0.000014056 1.000000000 -0.002851695
0.999999940 -0.000237498 -0.000311808 0.002995387 0.000237476 0.999999940 -0.000070550 -0.001370860 0.000311825 0.000070475 0.999999940 -0.000831743
0.999999523 -0.000831496 -0.000461256 -0.001595177 0.000831504 0.999999642 0.000017264 -0.001164721 0.000461241 -0.000017648 0.999999881 -0.006557159
1.000000000 -0.000141709 -0.000141267 0.000260921 0.000141724 1.000000000 0.000110515 -0.003056343 0.000141252 -0.000110535 1.000000000 -0.006240829
0.999999881 -0.000282642 -0.000333215 0.003584272 0.000282634 0.999999940 -0.000023265 0.002459149 0.000333222 0.000023171 0.999999940 -0.005188270
0.999999821 -0.000508789 -0.000251092 -0.001389831 0.000508803 0.999999881 0.000053149 0.000965438 0.000251065 -0.000053276 0.999999940 -0.003500844
0.999999940 -0.000391793 -0.000060258 -0.003432271 0.000391803 0.999999881 0.000166093 -0.001165512 0.000060193 -0.000166117 1.000000000 -0.006032116
1.000000000 -0.000083640 -0.000114108 0.002838583 0.000083638 1.000000000 -0.000023590 0.007678143 0.000114110 0.000023581 1.000000000 -0.004016202
1.000000000 -0.000222651 -0.000038907 -0.002537317 0.000222651 1.000000000 -0.000014035 0.001894138 0.000038910 0.000014026 1.000000000 -0.003123437
0.999999762 -0.000627165 -0.000344275 -0.000383097 0.000627143 0.999999821 -0.000062550 0.002518947 0.000344314 0.000062334 0.999999940 -0.004053114
0.999999940 -0.000321195 -0.000150146 -0.001130547 0.000321202 0.999999940 0.000045738 -0.002587366 0.000150131 -0.000045786 1.000000000 -0.003383686
1.000000000 -0.000059867 -0.000096356 -0.000052365 0.000059860 1.000000000 -0.000079610 0.003764636 0.000096360 0.000079604 1.000000000 -0.006090848
0.999999940 0.000029106 -0.000263728 0.006296400 -0.000029094 1.000000000 0.000043519 0.008157762 0.000263730 -0.000043511 0.999999940 -0.006590703
1.000000000 -0.000052404 -0.000134324 0.002884741 0.000052396 1.000000000 -0.000060699 0.006911404 0.000134327 0.000060692 1.000000000 -0.006273639
0.999999762 -0.000682121 -0.000231386 -0.000490153 0.000682093 0.999999762 -0.000124464 0.001707035 0.000231471 0.000124306 0.999999940 -0.001271054
0.999999940 -0.000201557 -0.000147849 0.001724348 0.000201562 1.000000000 0.000037868 0.000686526 0.000147841 -0.000037897 1.000000000 -0.000441341
0.999999940 -0.000270218 -0.000263332 0.000564561 0.000270206 0.999999940 -0.000046220 0.000439308 0.000263344 0.000046149 0.999999940 -0.002790265
0.999999881 -0.000469725 -0.000257353 0.000292222 0.000469717 0.999999881 -0.000031241 0.005249063 0.000257367 0.000031120 0.999999940 -0.004876128
0.999999762 -0.000558224 -0.000330027 0.000088517 0.000558240 0.999999821 0.000049252 0.003408034 0.000330000 -0.000049436 0.999999940 -0.005527457
0.999999881 -0.000178087 -0.000439924 0.005136280 0.000178086 1.000000000 -0.000003253 0.001163065 0.000439925 0.000003175 0.999999881 -0.002369474
0.999999821 -0.000503589 -0.000292946 0.001806573 0.000503587 0.999999881 -0.000006934 -0.001625735 0.000292950 0.000006786 0.999999940 -0.001134638
0.999999940 -0.000262930 -0.000103709 -0.001472805 0.000262932 0.999999940 0.000013792 -0.000330195 0.000103706 -0.000013819 1.000000000 -0.001027327
0.999999881 -0.000433276 0.000031676 -0.005348834 0.000433282 0.999999881 -0.000177815 0.004974952 -0.000031599 0.000177829 1.000000000 -0.002176292
0.999999881 -0.000469133 -0.000078033 -0.004297458 0.000469147 0.999999881 0.000184030 -0.004448777 0.000077947 -0.000184066 1.000000000 -0.002078072
1.000000000 -0.000158060 -0.000075441 -0.002010701 0.000158057 1.000000000 -0.000039887 0.002135316 0.000075448 0.000039875 1.000000000 -0.004968742
0.999999821 -0.000551933 -0.000127562 -0.002554464 0.000551926 0.999999821 -0.000058576 0.003640655 0.000127594 0.000058506 1.000000000 -0.006334052
0.999999881 -0.000468758 -0.000137364 -0.001781739 0.000468751 0.999999881 -0.000053939 0.002156959 0.000137389 0.000053875 1.000000000 -0.000210126
0.999999940 -0.000259487 -0.000162810 0.001276211 0.000259478 0.999999940 -0.000055334 0.003921453 0.000162825 0.000055292 1.000000000 -0.002729962
1.000000000 -0.000204782 0.000035259 -0.002491524 0.000204790 0.999999940 -0.000239951 0.009930165 -0.000035209 0.000239958 1.000000000 -0.004851431
0.999999940 -0.000066137 -0.000277231 0.003995576 0.000066153 1.000000000 0.000054584 -0.000941552 0.000277227 -0.000054603 0.999999940 -0.003119656
0.999999940 -0.000223473 -0.000342120 0.002127524 0.000223481 1.000000000 0.000023308 -0.000859368 0.000342115 -0.000023385 0.999999940 -0.005069655
0.999999821 -0.000395699 -0.000460797 0.002735778 0.000395692 0.999999940 -0.000014161 0.002173276 0.000460803 0.000013979 0.999999881 -0.005859305
0.999999940 -0.000318690 -0.000239492 0.001441768 0.000318673 0.999999940 -0.000071733 0.002607665 0.000239514 0.000071657 0.999999940 -0.006304149
0.999999821 -0.000524085 -0.000375951 0.001819470 0.000524057 0.999999881 -0.000074590 0.000747202 0.000375990 0.000074393 0.999999940 -0.002195350
0.999999702 -0.000648076 -0.000343281 0.000351355 0.000648031 0.999999762 -0.000132792 0.004863656 0.000343367 0.000132570 0.999999940 -0.004295005
0.999999940 -0.000190157 -0.000225963 0.002707541 0.000190142 1.000000000 -0.000066184 0.003659287 0.000225975 0.000066141 1.000000000 -0.007073364
0.999999940 -0.000130435 -0.000225361 0.000590262 0.000130428 1.000000000 -0.000028443 0.007492385 0.000225365 0.000028413 1.000000000 -0.002282395
0.999999881 -0.000427084 -0.000168976 -0.004006226 0.000427095 0.999999881 0.000063651 -0.003530176 0.000168949 -0.000063723 1.000000000 -0.004313421
1.000000000 0.000050259 -0.000038342 -0.000136237 -0.000050260 1.000000000 -0.000036993 0.000682933 0.000038340 0.000036995 1.000000000 -0.005147342
0.999999940 0.000277864 -0.000241527 0.005277446 -0.000277849 0.999999940 0.000064002 0.007999721 0.000241545 -0.000063935 0.999999940 -0.009025398
0.999999881 -0.000381501 -0.000223870 0.000661241 0.000381450 0.999999881 -0.000228007 0.006599387 0.000223957 0.000227922 0.999999940 -0.005234764
0.999999881 -0.000370121 -0.000209301 0.001334030 0.000370081 0.999999940 -0.000190015 0.001755125 0.000209372 0.000189937 0.999999940 0.001851365
0.999999881 -0.000338553 -0.000290189 0.001837073 0.000338526 0.999999940 -0.000093833 0.003570525 0.000290221 0.000093734 0.999999940 -0.004437776
1.000000000 -0.000029199 0.000049900 -0.001835481 0.000029205 1.000000000 -0.000114680 0.001762428 -0.000049896 0.000114682 1.000000000 -0.003011686
0.999999881 -0.000338817 -0.000314406 0.001483560 0.000338821 0.999999940 0.000012547 0.002766134 0.000314402 -0.000012653 0.999999940 -0.004802894
0.999999940 -0.000279320 -0.000312269 0.000553952 0.000279351 0.999999940 0.000099011 -0.001487186 0.000312241 -0.000099098 0.999999940 -0.004320540
0.999999464 -0.000769527 -0.000682772 0.002678853 0.000769580 0.999999702 0.000077691 -0.003190681 0.000682712 -0.000078217 0.999999762 -0.005263031
0.999999940 -0.000012366 -0.000334869 0.004456377 0.000012358 1.000000000 -0.000026467 0.006288013 0.000334869 0.000026463 0.999999940 -0.006428262
1.000000000 -0.000052102 -0.000195953 0.004285112 0.000052085 1.000000000 -0.000088383 0.004812319 0.000195958 0.000088372 1.000000000 -0.005563036
0.999999821 -0.000571557 -0.000217754 -0.002249895 0.000571535 0.999999821 -0.000101150 0.000330926 0.000217811 0.000101026 1.000000000 -0.005530484
1.000000000 -0.000017087 -0.000027251 -0.002017270 0.000017083 1.000000000 -0.000123263 0.003529976 0.000027253 0.000123262 1.000000000 -0.001690975
0.999999881 -0.000418108 -0.000215235 -0.001539338 0.000418106 0.999999940 -0.000008791 0.000373495 0.000215238 0.000008701 1.000000000 -0.005807390
0.999999940 -0.000352664 -0.000067040 -0.002933838 0.000352662 0.999999940 -0.000041094 -0.001151962 0.000067054 0.000041070 1.000000000 -0.002346833
1.000000000 -0.000203502 -0.000089788 0.000202862 0.000203502 1.000000000 0.000006639 0.002468063 0.000089786 -0.000006657 1.000000000 -0.005106071
0.999999940 -0.000092097 -0.000264761 0.002724714 0.000092078 1.000000000 -0.000073157 0.006831592 0.000264768 0.000073133 0.999999940 -0.003878770
0.999999940 0.000223166 -0.000162301 0.004051946 -0.000223174 1.000000000 -0.000048508 0.006154777 0.000162290 0.000048545 1.000000000 -0.006070258
1.000000000 0.000078318 -0.000178456 0.000075109 -0.000078338 1.000000000 -0.000115353 0.006366597 0.000178447 0.000115367 1.000000000 -0.006393999
0.999999940 -0.000111681 -0.000386695 0.001782961 0.000111612 1.000000000 -0.000178323 0.021485457 0.000386715 0.000178280 0.999999881 -0.013646066
0.999999940 0.000290961 -0.000070330 0.000382829 -0.000290971 0.999999940 -0.000143637 0.043757137 0.000070289 0.000143657 1.000000000 -0.027496602
1.000000000 -0.000038039 -0.000225945 -0.002620909 0.000038027 1.000000000 -0.000055549 0.070298187 0.000225947 0.000055541 1.000000000 -0.045742668
0.999999821 0.000557794 -0.000228294 0.002176012 -0.000557749 0.999999821 0.000197198 0.113045245 0.000228404 -0.000197070 0.999999940 -0.075067177
0.999999762 -0.000382226 -0.000559452 -0.000001187 0.000382350 0.999999881 0.000221866 0.168457076 0.000559367 -0.000222080 0.999999821 -0.108139746
0.999999642 -0.000147886 -0.000810775 0.005364657 0.000148047 0.999999940 0.000198678 0.254162490 0.000810746 -0.000198798 0.999999642 -0.158373892
0.999999940 0.000082888 -0.000345263 -0.001639633 -0.000082829 1.000000000 0.000171615 0.355485737 0.000345278 -0.000171587 0.999999940 -0.216989145
1.000000000 0.000099257 0.000142475 -0.006435334 -0.000099288 1.000000000 0.000216105 0.476908654 -0.000142454 -0.000216119 0.999999940 -0.286480814
0.999999940 -0.000067321 -0.000281500 0.000548421 0.000067500 0.999999821 0.000635275 0.603670895 0.000281457 -0.000635294 0.999999762 -0.375156611
1.000000000 0.000188360 -0.000079970 0.005300351 -0.000188329 0.999999881 0.000385247 0.778040767 0.000080042 -0.000385232 0.999999940 -0.460416496
0.999999702 0.000668006 0.000359721 0.000014050 -0.000668203 0.999999642 0.000547322 0.970539391 -0.000359356 -0.000547562 0.999999762 -0.567759335
1.000000000 0.000157465 -0.000015905 0.004289597 -0.000157453 0.999999762 0.000699157 1.175523758 0.000016015 -0.000699154 0.999999762 -0.690834105
0.999999940 0.000275794 -0.000317183 0.009836238 -0.000275482 0.999999464 0.000984217 1.424445271 0.000317454 -0.000984129 0.999999464 -0.847612679
0.999999821 -0.000011183 -0.000613777 0.018898666 0.000011920 0.999999285 0.001199606 1.698425531 0.000613763 -0.001199613 0.999999106 -0.995936692
0.999999881 0.000439535 0.000281872 0.008995923 -0.000439971 0.999998689 0.001549189 1.996523857 -0.000281190 -0.001549313 0.999998748 -1.158916831
0.999999940 0.000298808 0.000150241 0.006954990 -0.000299068 0.999998450 0.001738060 2.311891079 -0.000149722 -0.001738105 0.999998450 -1.361278534
0.999999881 0.000354027 0.000365807 0.012762199 -0.000354853 0.999997377 0.002258763 2.673380852 -0.000365007 -0.002258893 0.999997377 -1.563665152
0.999999821 0.000610094 -0.000114557 0.020725489 -0.000609734 0.999994934 0.003119599 3.062129974 0.000116460 -0.003119529 0.999995112 -1.794543147
1.000000000 0.000076665 -0.000021270 0.021430278 -0.000076611 0.999996722 0.002552773 3.500750542 0.000021466 -0.002552771 0.999996722 -2.032927275
0.999999881 0.000025866 -0.000455975 0.031352188 -0.000024494 0.999995470 0.003009158 3.919952869 0.000456051 -0.003009147 0.999995351 -2.295025110
0.999999285 0.000930071 0.000733193 0.025295539 -0.000932436 0.999994338 0.003231711 4.416570663 -0.000730183 -0.003232392 0.999994516 -2.578949690
0.999999762 0.000592021 -0.000308041 0.039663132 -0.000590866 0.999992847 0.003734840 4.918207169 0.000310250 -0.003734657 0.999992967 -2.887901783
0.999999881 0.000373755 0.000238997 0.037485413 -0.000374703 0.999992013 0.003978526 5.448906898 -0.000237508 -0.003978616 0.999992073 -3.193588734
0.999999404 0.000496320 0.000998004 0.028460111 -0.000500567 0.999990821 0.004260275 6.020435810 -0.000995880 -0.004260772 0.999990404 -3.520287275
0.999999523 0.000994681 -0.000003289 0.061642651 -0.000994656 0.999989212 0.004540912 6.629913807 0.000007806 -0.004540907 0.999989688 -3.876704216
0.999999464 -0.000810462 0.000677681 0.037786920 0.000807608 0.999990821 0.004201868 7.257117271 -0.000681080 -0.004201318 0.999990940 -4.215783119
0.999999464 0.000048884 0.001038330 0.035475101 -0.000053643 0.999989510 0.004583515 7.898795128 -0.001038095 -0.004583568 0.999988973 -4.613955975
0.999999523 0.000430901 0.000864260 0.056341924 -0.000434966 0.999988794 0.004709506 8.603885651 -0.000862221 -0.004709879 0.999988556 -5.009234905
0.999999285 0.000973274 0.000667562 0.076270096 -0.000977582 0.999978483 0.006483768 9.301843643 -0.000661237 -0.006484416 0.999978781 -5.434008121
0.999999523 -0.000072898 0.000947210 0.077921152 0.000067090 0.999981225 0.006130824 10.037896156 -0.000947639 -0.006130758 0.999980748 -5.856357098
0.999998689 0.000564661 0.001533423 0.064685568 -0.000574460 0.999979377 0.006397170 10.792197227 -0.001529779 -0.006398043 0.999978364 -6.298510551
1.000000000 0.000045036 0.000080167 0.087329105 -0.000045628 0.999972641 0.007396096 11.582736015 -0.000079831 -0.007396100 0.999972641 -6.759255886
0.999998391 0.001483653 0.001004356 0.092224494 -0.001490614 0.999974608 0.006965707 12.388741493 -0.000993996 -0.006967193 0.999975264 -7.224418640
0.999999046 0.001335406 0.000396153 0.104934372 -0.001338263 0.999972463 0.007300514 13.241576195 -0.000386393 -0.007301038 0.999973297 -7.702256203
0.999996185 0.002613153 0.000865202 0.119293801 -0.002618998 0.999973297 0.006824569 14.107766151 -0.000847345 -0.006826809 0.999976337 -8.199604034
0.999999404 0.001111066 -0.000019942 0.134699419 -0.001110901 0.999975502 0.006911297 14.982504845 0.000027621 -0.006911271 0.999976099 -8.701070786
0.999998033 0.001707699 0.001029652 0.125848621 -0.001715579 0.999968886 0.007702074 15.862140656 -0.001016467 -0.007703824 0.999969780 -9.250176430
0.999996364 0.002335954 0.001347776 0.141220897 -0.002346294 0.999967456 0.007722151 16.796966553 -0.001329693 -0.007725285 0.999969304 -9.780642509
0.999999464 0.000878579 0.000577107 0.149990246 -0.000883149 0.999967873 0.007967498 17.721342087 -0.000570088 -0.007968003 0.999968112 -10.329686165
0.999999940 0.000304235 -0.000053359 0.159605578 -0.000303777 0.999964952 0.008367167 18.684564590 0.000055903 -0.008367150 0.999965012 -10.906407356
0.999999940 0.000237688 0.000315858 0.169176236 -0.000240167 0.999969006 0.007870851 19.699823380 -0.000313978 -0.007870926 0.999968946 -11.472508430
0.999999583 0.000848966 0.000413406 0.164712936 -0.000852306 0.999966443 0.008148190 20.705924988 -0.000406474 -0.008148538 0.999966741 -12.066841125
0.999999464 0.001052563 -0.000106932 0.179336190 -0.001051637 0.999964833 0.008320672 21.731859207 0.000115687 -0.008320554 0.999965370 -12.659596443
0.999999225 0.001202089 0.000311220 0.189227045 -0.001204764 0.999961078 0.008741493 22.792783737 -0.000300699 -0.008741862 0.999961734 -13.282614708
0.999999881 0.000356127 -0.000286607 0.185489148 -0.000353680 0.999963880 0.008495090 23.872879028 0.000289622 -0.008494987 0.999963880 -13.902425766
0.999995589 0.002960510 0.000262296 0.208121166 -0.002962686 0.999957561 0.008725554 24.992292404 -0.000236453 -0.008726293 0.999961913 -14.539645195
0.999996483 0.002510586 -0.000828199 0.230780408 -0.002503525 0.999961436 0.008419137 26.128370285 0.000849304 -0.008417035 0.999964237 -15.201330185
0.999998748 0.001490683 -0.000542875 0.224524274 -0.001485982 0.999962270 0.008560217 27.262554169 0.000555615 -0.008559399 0.999963224 -15.874737740
0.999997377 0.002273672 0.000152815 0.234552503 -0.002274981 0.999955118 0.009199780 28.403720856 -0.000131891 -0.009200105 0.999957681 -16.546566010
0.999997795 0.002108308 -0.000011240 0.258604974 -0.002108099 0.999950469 0.009729765 29.584688187 0.000031753 -0.009729721 0.999952674 -17.244491577
0.999996901 0.002495908 0.000119400 0.255309850 -0.002496966 0.999948025 0.009886120 30.781602859 -0.000094719 -0.009886387 0.999951124 -17.941781998
0.999995291 0.003042325 -0.000332267 0.283571959 -0.003038918 0.999947250 0.009811834 32.005596161 0.000362101 -0.009810778 0.999951780 -18.651561737
0.999998987 0.001416004 -0.000042958 0.297536224 -0.001415536 0.999954402 0.009444932 33.242019653 0.000056330 -0.009444862 0.999955416 -19.371999741
0.999997556 0.002174288 0.000449236 0.299665451 -0.002178615 0.999948919 0.009867925 34.493690491 -0.000427757 -0.009868879 0.999951184 -20.109338760
0.999997675 0.002070261 -0.000609095 0.327283025 -0.002064169 0.999949455 0.009838389 35.768871307 0.000629432 -0.009837110 0.999951422 -20.858634949
0.999996722 0.002365308 -0.000970011 0.348127782 -0.002355393 0.999946237 0.010097836 37.076381683 0.000993843 -0.010095519 0.999948561 -21.616073608
0.999995112 0.003063107 -0.000638433 0.349870354 -0.003055969 0.999935985 0.010896483 38.364566803 0.000671770 -0.010894478 0.999940455 -22.383810043
0.999996483 0.002441414 -0.001024994 0.376692981 -0.002429730 0.999933779 0.011249355 39.702205658 0.001052391 -0.011246826 0.999936223 -23.157781601
0.999994338 0.003324344 0.000521511 0.380077034 -0.003330398 0.999921560 0.012072295 41.019104004 -0.000481337 -0.012073964 0.999926984 -23.953413010
0.999994636 0.003251598 0.000371686 0.391003281 -0.003255858 0.999921501 0.012099222 42.385959625 -0.000332315 -0.012100368 0.999926746 -24.753303528
0.999994338 0.003344558 -0.000327789 0.418391466 -0.003340590 0.999929011 0.011438418 43.791782379 0.000366022 -0.011437258 0.999934554 -25.557706833
0.999994576 0.003221117 -0.000646429 0.435650080 -0.003213389 0.999927342 0.011619680 45.157978058 0.000683810 -0.011617539 0.999932289 -26.365869522
0.999996364 0.002300123 -0.001411557 0.449117541 -0.002284578 0.999937773 0.010917619 46.576976776 0.001436581 -0.010914354 0.999939382 -27.185110092
0.999994218 0.003360359 -0.000574799 0.458064049 -0.003353254 0.999923050 0.011943773 47.971332550 0.000614890 -0.011941777 0.999928534 -28.033290863
0.999993324 0.003596792 -0.000605125 0.475169122 -0.003589220 0.999920547 0.012081563 49.380123138 0.000648532 -0.012079311 0.999926805 -28.862930298
0.999995291 0.002818209 -0.001219960 0.494907469 -0.002802680 0.999917328 0.012549243 50.824440002 0.001255226 -0.012545765 0.999920487 -29.730754852
0.999991238 0.004188346 -0.000034263 0.508283913 -0.004187684 0.999926269 0.011397943 52.277267456 0.000081999 -0.011397699 0.999935031 -30.541912079
0.999997556 0.001297291 -0.001804445 0.512493849 -0.001276101 0.999930799 0.011694901 53.693847656 0.001819492 -0.011692569 0.999929965 -31.426052094
0.999996245 0.002578140 -0.000907112 0.519626260 -0.002567011 0.999923944 0.012062442 55.120964050 0.000938142 -0.012060069 0.999926805 -32.275829315
0.999996305 0.002653490 -0.000563639 0.534198761 -0.002646274 0.999919116 0.012438742 56.569931030 0.000596599 -0.012437206 0.999922454 -33.125892639
0.999999106 0.000840823 -0.001028231 0.553510725 -0.000828074 0.999923527 0.012337278 58.063064575 0.001038526 -0.012336415 0.999923348 -33.973796844
0.999998927 0.001167552 -0.000873193 0.561145246 -0.001156548 0.999921203 0.012498119 59.505325317 0.000887716 -0.012497096 0.999921501 -34.848464966
0.999999106 0.000938684 -0.000948880 0.567896008 -0.000926251 0.999914825 0.013019518 60.938289642 0.000961021 -0.013018628 0.999914765 -35.722270966
0.999998331 0.001223619 -0.001339535 0.597383082 -0.001205945 0.999913275 0.013116533 62.405750275 0.001355469 -0.013114896 0.999913096 -36.563446045
0.999998212 0.001760065 -0.000668627 0.604603469 -0.001751485 0.999918818 0.012623291 63.858444214 0.000690791 -0.012622097 0.999920070 -37.436477661
0.999998689 0.000856579 -0.001357755 0.619889438 -0.000840998 0.999934256 0.011435246 65.325393677 0.001367461 -0.011434089 0.999933720 -38.268451691
0.999997258 0.002300491 -0.000446701 0.629215598 -0.002295077 0.999928176 0.011763368 66.788925171 0.000473731 -0.011762310 0.999930680 -39.136535645
0.999997675 0.002142816 -0.000140405 0.646805942 -0.002141022 0.999928892 0.011729709 68.242858887 0.000165529 -0.011729381 0.999931216 -39.987808228
0.999998510 0.001739013 0.000068969 0.654019415 -0.001739687 0.999933124 0.011432734 69.711082458 -0.000049082 -0.011432837 0.999934614 -40.862495422
0.999997258 0.002238325 -0.000678202 0.674005091 -0.002230792 0.999937952 0.010911590 71.187995911 0.000702583 -0.010910048 0.999940217 -41.729431152
0.999997258 0.001814307 -0.001462149 0.694465220 -0.001798236 0.999938786 0.010918510 72.645751953 0.001481869 -0.010915850 0.999939322 -42.606380463
0.999996305 0.002560989 -0.000927781 0.704236567 -0.002550581 0.999935687 0.011051523 74.119720459 0.000956024 -0.011049116 0.999938488 -43.461013794
0.999993801 0.003471215 -0.000573868 0.725240231 -0.003464493 0.999929845 0.011327304 75.585548401 0.000613147 -0.011325246 0.999935687 -44.336235046
0.999990642 0.004238120 -0.000836296 0.744047225 -0.004228727 0.999931335 0.010930596 77.069747925 0.000882564 -0.010926958 0.999939919 -45.213474274
0.999987066 0.004545979 -0.002287305 0.781777143 -0.004521428 0.999933302 0.010627070 78.556678772 0.002335463 -0.010616591 0.999940932 -46.090225220
0.999992728 0.003738864 -0.000735158 0.770249844 -0.003730906 0.999937475 0.010543649 79.999603271 0.000774533 -0.010540829 0.999944150 -46.931991577
0.999994397 0.002322886 -0.002415291 0.799762964 -0.002298152 0.999945402 0.010193283 81.513900757 0.002438837 -0.010187674 0.999945104 -47.839736938
0.999994874 0.003125900 -0.000683252 0.811395526 -0.003118979 0.999946058 0.009906050 82.967140198 0.000714181 -0.009903869 0.999950707 -48.660881042
0.999995232 0.003010555 0.000726159 0.805967152 -0.003017974 0.999940932 0.010441186 84.475547791 -0.000694683 -0.010443328 0.999945223 -49.567916870
0.999995828 0.002844214 0.000554651 0.830544531 -0.002849675 0.999944866 0.010106358 85.948051453 -0.000525876 -0.010107896 0.999948800 -50.429550171
0.999997258 0.002346213 -0.000060529 0.859697700 -0.002345547 0.999953806 0.009323648 87.455055237 0.000082402 -0.009323481 0.999956548 -51.315715790
0.999996841 0.002484311 -0.000345281 0.869760931 -0.002481145 0.999957442 0.008885772 88.934120178 0.000367341 -0.008884887 0.999960482 -52.182964325
0.999994099 0.003293221 -0.000955101 0.885552764 -0.003284981 0.999958456 0.008504354 90.429046631 0.000983068 -0.008501167 0.999963403 -53.067340851
0.999993026 0.003557153 -0.001158839 0.911993265 -0.003547329 0.999958694 0.008371668 91.912132263 0.001188570 -0.008367499 0.999964297 -53.938720703
0.999991000 0.004016532 -0.001364301 0.931192338 -0.004005759 0.999961495 0.007810059 93.428962708 0.001395618 -0.007804523 0.999968588 -54.813682556
0.999993205 0.003661196 -0.000394888 0.940810680 -0.003658402 0.999969780 0.006859716 94.923423767 0.000419990 -0.006858225 0.999976397 -55.682754517
0.999995053 0.003144453 0.000163995 0.960193753 -0.003145380 0.999977112 0.005993344 96.444335938 -0.000145145 -0.005993831 0.999981999 -56.541194916
0.999992847 0.003725737 0.000618161 0.978534997 -0.003728899 0.999979556 0.005195692 97.876045227 -0.000598791 -0.005197960 0.999986291 -57.377449036
0.999991238 0.004185293 0.000135910 0.997178078 -0.004185806 0.999983132 0.004021347 99.427658081 -0.000119077 -0.004021881 0.999991894 -58.278079987
0.999988496 0.004797389 -0.000012606 1.020799637 -0.004797319 0.999982834 0.003360512 100.925842285 0.000028728 -0.003360413 0.999994338 -59.133979797
0.999992013 0.003995175 0.000262189 1.029703736 -0.003996021 0.999986529 0.003309914 102.422966003 -0.000248962 -0.003310935 0.999994516 -59.998516083
0.999990880 0.004256046 0.000407435 1.044151664 -0.004257135 0.999987245 0.002708894 103.930564880 -0.000395901 -0.002710604 0.999996245 -60.869132996
0.999993205 0.003680307 0.000298216 1.053804874 -0.003680692 0.999992371 0.001301271 105.435882568 -0.000293424 -0.001302360 0.999999106 -61.730949402
0.999995708 0.002895918 -0.000394978 1.076322794 -0.002895693 0.999995649 0.000569899 106.980102539 0.000396626 -0.000568752 0.999999762 -62.617034912
0.999995470 0.002908509 -0.000738241 1.087222695 -0.002908854 0.999995649 -0.000466079 108.479217529 0.000736882 0.000468224 0.999999642 -63.470703125
0.999993920 0.003433591 -0.000628208 1.111410618 -0.003433969 0.999993920 -0.000601791 109.985031128 0.000626138 0.000603944 0.999999642 -64.333221436
0.999995410 0.002941051 -0.000743799 1.131553888 -0.002942407 0.999993980 -0.001828606 111.475326538 0.000738416 0.001830787 0.999998033 -65.178794861
0.999994278 0.003374054 -0.000342917 1.144179583 -0.003374862 0.999991477 -0.002383579 112.988548279 0.000334872 0.002384723 0.999997079 -66.052833557
0.999996185 0.002308524 -0.001518141 1.171748161 -0.002315173 0.999987662 -0.004392939 114.578849792 0.001507981 0.004396437 0.999989212 -66.918998718
0.999992013 0.003883512 -0.000933682 1.190775156 -0.003887354 0.999983847 -0.004149169 116.045173645 0.000917554 0.004152765 0.999990940 -67.758514404
0.999990165 0.004405523 -0.000485192 1.197702885 -0.004407865 0.999978125 -0.004936215 117.558937073 0.000463435 0.004938304 0.999987721 -68.620018005
0.999992251 0.003933223 -0.000280515 1.210077286 -0.003934831 0.999974370 -0.005981792 119.084144592 0.000256980 0.005982849 0.999982059 -69.473770142
0.999992132 0.003968259 -0.000041050 1.227969050 -0.003968455 0.999964476 -0.007435488 120.606590271 0.000011542 0.007435592 0.999972343 -70.309318542
0.999990761 0.004301416 -0.000005400 1.240363479 -0.004301323 0.999958992 -0.007966283 122.115135193 -0.000028866 0.007966232 0.999968290 -71.172470093
0.999993622 0.003563370 -0.000120021 1.266538858 -0.003564376 0.999945521 -0.009811169 123.713577271 0.000085054 0.009811534 0.999951839 -72.054084778
0.999994755 0.003229891 -0.000226094 1.290655613 -0.003232091 0.999939442 -0.010520694 125.175712585 0.000192099 0.010521370 0.999944627 -72.876541138
0.999994099 0.003431603 -0.000031993 1.300227880 -0.003431747 0.999934077 -0.010956636 126.718254089 -0.000005608 0.010956680 0.999939978 -73.767509460
0.999996781 0.002462956 0.000563272 1.312683225 -0.002455479 0.999913633 -0.012910122 128.251495361 -0.000595021 0.012908697 0.999916494 -74.611396790
0.999998212 0.001889268 0.000077877 1.329817772 -0.001887917 0.999889851 -0.014722497 129.744903564 -0.000105683 0.014722324 0.999891639 -75.423645020
0.999996603 0.002609393 0.000097631 1.348495841 -0.002607487 0.999867380 -0.016074898 131.334594727 -0.000139564 0.016074589 0.999870777 -76.288856506
0.999996901 0.002119201 -0.001302517 1.371993899 -0.002141223 0.999850690 -0.017145531 132.859085083 0.001265988 0.017148266 0.999852180 -77.146286011
0.999995351 0.002144463 -0.002177576 1.398509741 -0.002184820 0.999822676 -0.018702973 134.451065063 0.002137082 0.018707644 0.999822736 -77.991439819
0.999995232 0.002221121 -0.002146513 1.413058877 -0.002263203 0.999801278 -0.019805310 136.009643555 0.002102096 0.019810075 0.999801576 -78.839866638
0.999993145 0.002801661 -0.002429968 1.438220859 -0.002853076 0.999766529 -0.021419413 137.535339355 0.002369390 0.021426197 0.999767601 -79.666282654
0.999995649 0.002713642 -0.001174988 1.431455851 -0.002739231 0.999746382 -0.022353861 138.991897583 0.001114030 0.022356983 0.999749422 -80.477348328
0.999995768 0.002037918 -0.002083596 1.461422563 -0.002086558 0.999718964 -0.023614774 140.557861328 0.002034886 0.023619020 0.999718964 -81.329612732
0.999995172 0.002438869 -0.001930714 1.477184296 -0.002485831 0.999691665 -0.024706714 142.102127075 0.001869862 0.024711393 0.999692857 -82.155776978
0.999994397 0.003202413 -0.000986207 1.491511703 -0.003227409 0.999644041 -0.026483387 143.603500366 0.000901045 0.026486419 0.999648750 -82.960266113
0.999993682 0.003251029 -0.001452238 1.518600821 -0.003291124 0.999587893 -0.028517805 145.168167114 0.001358927 0.028522402 0.999592245 -83.797767639
0.999990940 0.004151568 -0.000952312 1.528499246 -0.004177694 0.999561787 -0.029304938 146.676315308 0.000830233 0.029308653 0.999570072 -84.601669312
0.999992728 0.003294030 -0.001907066 1.544168591 -0.003350869 0.999525785 -0.030610671 148.233444214 0.001805329 0.030616840 0.999529541 -85.441604614
0.999988198 0.004509833 -0.001800230 1.566579938 -0.004566743 0.999445915 -0.032970250 149.811248779 0.001650543 0.032978080 0.999454737 -86.234863281
0.999993443 0.003169068 -0.001737190 1.575572491 -0.003226491 0.999412715 -0.034114454 151.375061035 0.001628059 0.034119833 0.999416411 -87.095062256
0.999995172 0.002740561 -0.001448106 1.596927524 -0.002789417 0.999387324 -0.034887947 153.011291504 0.001351606 0.034891821 0.999390185 -87.968551636
0.999993861 0.003137450 -0.001561293 1.613338113 -0.003192906 0.999314487 -0.036883846 154.580886841 0.001444502 0.036888607 0.999318361 -88.791252136
0.999994993 0.002866812 -0.001329485 1.624941587 -0.002915996 0.999250472 -0.038600538 156.143051147 0.001217828 0.038604219 0.999253809 -89.599334717
0.999994159 0.002972866 -0.001670506 1.651852250 -0.003039015 0.999150455 -0.041099619 157.707336426 0.001546903 0.041104455 0.999153674 -90.391090393
0.999992430 0.003038511 -0.002429273 1.679474354 -0.003140397 0.999065876 -0.043099277 159.247055054 0.002296046 0.043106578 0.999067843 -91.210456848
0.999991894 0.003320926 -0.002289433 1.693674922 -0.003421695 0.998957813 -0.045514166 160.860626221 0.002135898 0.045521632 0.998961091 -92.015739441
0.999992847 0.003386027 -0.001696632 1.699975610 -0.003462560 0.998872638 -0.047343697 162.382873535 0.001534412 0.047349233 0.998877227 -92.776039124
0.999991894 0.003649023 -0.001704690 1.720604300 -0.003728198 0.998791039 -0.049015384 163.957778931 0.001523771 0.049021345 0.998796582 -93.591331482
0.999991715 0.003882087 -0.001232855 1.741120100 -0.003940086 0.998682320 -0.051167168 165.552856445 0.001032595 0.051171601 0.998689353 -94.394187927
0.999993026 0.003677969 -0.000623255 1.753553271 -0.003706208 0.998540521 -0.053880386 167.109771729 0.000424175 0.053882323 0.998547196 -95.148300171
0.999993801 0.003480135 -0.000549834 1.764652252 -0.003505395 0.998435676 -0.055802397 168.701232910 0.000354774 0.055803977 0.998441696 -95.937835693
0.999991536 0.004107551 0.000281962 1.777113199 -0.004084646 0.998348594 -0.057300642 170.268142700 -0.000516862 0.057299003 0.998356938 -96.717811584
0.999993205 0.003686215 -0.000169377 1.806638360 -0.003689741 0.998196781 -0.059913136 171.881362915 -0.000051781 0.059913352 0.998203576 -97.501754761
0.999991357 0.004139820 -0.000323067 1.824029922 -0.004151925 0.998028874 -0.062618800 173.461990356 0.000063199 0.062619604 0.998037457 -98.287605286
0.999991179 0.004119801 -0.000845722 1.835193515 -0.004166040 0.997879028 -0.064961858 175.051910400 0.000576299 0.064964809 0.997887373 -99.074554443
0.999993861 0.003434031 -0.000695250 1.855110288 -0.003473234 0.997697830 -0.067727469 176.635787964 0.000461071 0.067729466 0.997703612 -99.841445923
