0.999999821 0.000350411 -0.000465445 0.003714648 -0.000350454 0.999999940 -0.000092356 -0.003035077 0.000465413 0.000092519 0.999999881 -0.005959359
0.999999762 -0.000534750 0.000410902 -0.008422551 0.000534697 0.999999821 0.000129041 -0.008251364 -0.000410971 -0.000128821 0.999999881 -0.004403961
0.999999881 -0.000331732 0.000403552 -0.005487230 0.000331669 0.999999940 0.000157445 0.003217438 -0.000403605 -0.000157311 0.999999881 0.003272665
1.000000000 -0.000028041 0.000004422 -0.000884243 0.000028040 1.000000000 0.000214728 0.004568127 -0.000004428 -0.000214728 1.000000000 0.005153962
1.000000000 0.000061351 -0.000114211 0.000991992 -0.000061374 1.000000000 -0.000202469 0.007412871 0.000114198 0.000202476 1.000000000 0.000365208
0.999999881 0.000182555 -0.000434285 0.005077932 -0.000182510 1.000000000 0.000104120 -0.013489906 0.000434304 -0.000104041 0.999999881 -0.008394873
0.999999881 -0.000005162 -0.000462917 0.009598605 0.000005221 1.000000000 0.000126681 -0.025159534 0.000462917 -0.000126683 0.999999881 -0.011087621
0.999999940 -0.000360253 -0.000142452 0.003731765 0.000360255 0.999999940 0.000014951 -0.019699214 0.000142447 -0.000015002 1.000000000 -0.008711662
0.999999881 -0.000416915 0.000134284 -0.001987581 0.000416893 0.999999881 0.000161097 -0.022627011 -0.000134352 -0.000161041 1.000000000 -0.009838843
0.999999821 -0.000426923 0.000423182 -0.007723468 0.000426873 0.999999881 0.000120315 -0.011572405 -0.000423233 -0.000120135 0.999999881 -0.004450378
0.999999821 -0.000339451 0.000465859 -0.009995002 0.000339385 0.999999940 0.000142263 -0.005327527 -0.000465907 -0.000142105 0.999999881 -0.002408637
0.999999881 -0.000281271 0.000386047 -0.008002922 0.000281229 0.999999940 0.000108181 -0.011384308 -0.000386078 -0.000108073 0.999999940 -0.004445474
1.000000000 -0.000005310 0.000063179 -0.002780448 0.000005311 1.000000000 -0.000019667 0.002514510 -0.000063179 0.000019668 1.000000000 -0.000864565
0.999999940 0.000069901 -0.000270665 0.003829215 -0.000069910 1.000000000 -0.000031655 -0.007179718 0.000270662 0.000031674 0.999999940 -0.004368019
0.999999523 0.000401564 -0.000863203 0.010217026 -0.000401610 0.999999940 -0.000054129 -0.013681183 0.000863181 0.000054476 0.999999642 -0.012024460
0.999999821 -0.000597115 0.000103528 0.002740454 0.000597096 0.999999821 0.000179805 -0.024976484 -0.000103635 -0.000179743 1.000000000 -0.009424705
0.999999762 -0.000595106 0.000351690 -0.006920529 0.000595022 0.999999821 0.000237611 -0.018175891 -0.000351832 -0.000237402 0.999999881 -0.005266170
0.999999702 -0.000582105 0.000536275 -0.008725377 0.000582006 0.999999821 0.000186354 -0.005674992 -0.000536383 -0.000186042 0.999999821 0.000848821
0.999999821 -0.000357180 0.000455312 -0.008934768 0.000357137 0.999999940 0.000093775 0.002488170 -0.000455346 -0.000093612 0.999999881 0.001367410
0.999999940 -0.000200572 0.000319783 -0.006142047 0.000200605 1.000000000 -0.000100413 0.004517481 -0.000319763 0.000100477 0.999999940 -0.000169889
0.999999940 0.000197821 -0.000196474 0.000422039 -0.000197872 0.999999940 -0.000257898 0.002233619 0.000196423 0.000257937 0.999999940 -0.005591294
0.999999940 0.000153359 -0.000311020 0.003982120 -0.000153377 1.000000000 -0.000058301 -0.007666671 0.000311011 0.000058349 0.999999940 -0.005959413
0.999999940 -0.000079379 -0.000381012 0.008021357 0.000079361 1.000000000 -0.000046984 -0.015307398 0.000381016 0.000046954 0.999999940 -0.007445248
0.999999940 -0.000016710 -0.000309936 0.002205300 0.000016696 1.000000000 -0.000044807 -0.012067591 0.000309936 0.000044802 0.999999940 -0.007507160
0.999999762 -0.000565606 0.000311983 -0.003444005 0.000565616 0.999999821 -0.000033953 -0.009705813 -0.000311964 0.000034129 0.999999940 -0.004835250
0.999999702 -0.000506514 0.000540248 -0.010941752 0.000506514 0.999999881 0.000000254 -0.005077296 -0.000540248 0.000000019 0.999999881 -0.002516673
0.999999821 -0.000353599 0.000498669 -0.009744000 0.000353541 0.999999940 0.000117010 -0.000895741 -0.000498710 -0.000116833 0.999999881 0.000512628
1.000000000 -0.000070524 0.000206144 -0.005315694 0.000070521 1.000000000 0.000010950 0.010957169 -0.000206145 -0.000010935 1.000000000 0.004018032
1.000000000 -0.000043716 -0.000156157 0.005449938 0.000043725 1.000000000 0.000056775 0.000660751 0.000156155 -0.000056782 1.000000000 0.001685773
0.999999940 0.000042838 -0.000363102 0.007166531 -0.000042872 1.000000000 -0.000094767 0.000833650 0.000363097 0.000094782 0.999999940 -0.002067904
0.999999821 0.000133672 -0.000545053 0.009727149 -0.000133663 1.000000000 0.000017770 -0.016062791 0.000545055 -0.000017697 0.999999881 -0.009098595
0.999999940 -0.000278478 -0.000088073 0.001722352 0.000278491 0.999999940 0.000139606 -0.018094147 0.000088034 -0.000139631 1.000000000 -0.007798390
0.999999881 -0.000390885 0.000366979 -0.006258172 0.000390797 0.999999881 0.000241529 -0.004701101 -0.000367073 -0.000241386 0.999999881 0.000533818
0.999999881 -0.000278554 0.000437392 -0.007487600 0.000278485 0.999999940 0.000157337 -0.011874049 -0.000437436 -0.000157216 0.999999881 -0.003833227
1.000000000 -0.000004584 0.000024304 -0.001164271 0.000004579 1.000000000 0.000182060 -0.005355079 -0.000024305 -0.000182060 1.000000000 -0.001501852
1.000000000 0.000082587 -0.000091673 0.000527024 -0.000082580 1.000000000 0.000073756 0.000018943 0.000091680 -0.000073749 1.000000000 0.001481730
0.999999940 0.000195158 -0.000204854 0.000704665 -0.000195169 1.000000000 -0.000054539 0.004202601 0.000204843 0.000054579 1.000000000 0.000652435
0.999999940 0.000098348 -0.000312542 0.005100319 -0.000098344 1.000000000 0.000011902 -0.010652486 0.000312543 -0.000011871 0.999999940 -0.006588606
0.999999762 0.000172137 -0.000681309 0.007393157 -0.000172129 1.000000000 0.000011563 -0.017566241 0.000681311 -0.000011446 0.999999762 -0.009853355
0.999999940 -0.000307139 -0.000043183 0.000987289 0.000307140 0.999999940 0.000007957 -0.021216284 0.000043180 -0.000007971 1.000000000 -0.012917908
0.999999762 -0.000550882 0.000396596 -0.004747640 0.000550830 0.999999821 0.000130591 -0.009282535 -0.000396668 -0.000130373 0.999999940 -0.002989881
0.999999702 -0.000457147 0.000644436 -0.009298695 0.000457029 0.999999881 0.000184372 -0.006569956 -0.000644520 -0.000184078 0.999999762 0.000764055
1.000000000 -0.000045630 0.000163890 -0.004839883 0.000045611 1.000000000 0.000115385 -0.006957598 -0.000163895 -0.000115377 1.000000000 -0.003319975
1.000000000 0.000066869 -0.000158639 0.000550235 -0.000066881 1.000000000 -0.000073211 0.007912879 0.000158635 0.000073222 1.000000000 0.000283001
0.999999881 0.000138014 -0.000458580 0.006402871 -0.000137974 1.000000000 0.000088390 -0.007238207 0.000458592 -0.000088326 0.999999881 -0.004716529
0.999999940 -0.000124923 -0.000330872 0.005581471 0.000124894 1.000000000 -0.000087157 -0.016423626 0.000330883 0.000087116 0.999999940 -0.011766668
0.999999821 -0.000526941 0.000157528 -0.000313241 0.000526938 0.999999881 0.000018592 -0.015328674 -0.000157538 -0.000018509 1.000000000 -0.007022908
0.999999881 -0.000403320 0.000307098 -0.005201946 0.000403214 0.999999881 0.000344439 -0.014780459 -0.000307237 -0.000344315 0.999999881 -0.002342820
0.999999881 -0.000214760 0.000395769 -0.009683212 0.000214716 1.000000000 0.000111003 0.003182950 -0.000395792 -0.000110918 0.999999940 0.002198832
1.000000000 -0.000001732 0.000080560 -0.002270723 0.000001733 1.000000000 -0.000004424 0.006323676 -0.000080560 0.000004425 1.000000000 0.003735656
1.000000000 0.000068731 -0.000220362 0.004842359 -0.000068715 1.000000000 0.000075227 -0.001440875 0.000220367 -0.000075212 1.000000000 0.000295210
0.999999881 0.000106037 -0.000508858 0.004960166 -0.000105958 1.000000000 0.000156287 -0.016143885 0.000508874 -0.000156233 0.999999881 -0.007266306
0.999999881 0.000027820 -0.000467507 0.006213691 -0.000027710 1.000000000 0.000235916 -0.023623604 0.000467514 -0.000235903 0.999999881 -0.010330590
0.999998689 -0.001344557 0.000926686 -0.008787473 0.001344531 0.999999106 0.000027789 -0.028314907 -0.000926723 -0.000026543 0.999999583 -0.008100330
0.999999940 -0.000375513 0.000082498 -0.003085901 0.000375518 0.999999940 -0.000058558 -0.009675297 -0.000082476 0.000058589 1.000000000 -0.006330972
0.999999821 -0.000480559 0.000331173 -0.006387399 0.000480501 0.999999881 0.000173649 -0.007395281 -0.000331256 -0.000173489 0.999999940 -0.000952522
0.999999821 -0.000358155 0.000437844 -0.009905887 0.000358168 0.999999940 -0.000028950 0.003635358 -0.000437834 0.000029106 0.999999881 0.000156978
0.999999940 -0.000162336 0.000340527 -0.007830364 0.000162350 1.000000000 -0.000039402 -0.000400470 -0.000340521 0.000039458 0.999999940 -0.000331940
1.000000000 -0.000047270 0.000111836 -0.005224936 0.000047268 1.000000000 0.000014495 -0.004314706 -0.000111837 -0.000014490 1.000000000 -0.003456525
1.000000000 0.000141630 -0.000169530 0.001658894 -0.000141646 1.000000000 -0.000094034 0.002626568 0.000169517 0.000094058 1.000000000 -0.002181666
0.999999940 0.000177505 -0.000367983 0.004385964 -0.000177554 1.000000000 -0.000132061 -0.005403214 0.000367960 0.000132126 0.999999940 -0.005619438
0.999999881 -0.000069179 -0.000426298 0.007112809 0.000069217 1.000000000 0.000088038 -0.017587341 0.000426292 -0.000088067 0.999999881 -0.008148747
0.999999940 -0.000379839 -0.000006656 0.001105451 0.000379840 0.999999940 0.000179566 -0.022957852 0.000006587 -0.000179569 1.000000000 -0.008317147
0.999999583 -0.000697393 0.000601959 -0.007395280 0.000697296 0.999999762 0.000161594 -0.016721524 -0.000602072 -0.000161174 0.999999821 -0.005108289
0.999999881 -0.000197687 0.000385630 -0.009357161 0.000197675 1.000000000 0.000031440 -0.004548285 -0.000385637 -0.000031364 0.999999940 -0.003008005
1.000000000 -0.000065563 0.000195365 -0.004293331 0.000065525 1.000000000 0.000196582 0.004323425 -0.000195378 -0.000196569 0.999999940 0.005267820
1.000000000 0.000119906 -0.000119906 -0.000484890 -0.000119920 1.000000000 -0.000114480 -0.000430798 0.000119892 0.000114495 1.000000000 -0.004517513
0.999999762 0.000368183 -0.000553950 0.006075476 -0.000368198 0.999999940 -0.000027410 -0.009904758 0.000553940 0.000027614 0.999999821 -0.009210791
0.999999881 0.000072712 -0.000449141 0.006994491 -0.000072716 1.000000000 -0.000007568 -0.029749224 0.000449140 0.000007600 0.999999881 -0.017611787
0.999999940 -0.000270877 -0.000043918 0.001230503 0.000270872 0.999999940 -0.000120135 -0.017698338 0.000043951 0.000120123 1.000000000 -0.011786413
0.999999166 -0.001047350 0.000760377 -0.008981609 0.001047413 0.999999464 -0.000083436 -0.016127940 -0.000760290 0.000084232 0.999999702 -0.006860746
0.999999762 -0.000437410 0.000505573 -0.010048781 0.000437322 0.999999881 0.000173057 -0.011203843 -0.000505648 -0.000172836 0.999999881 -0.003714854
0.999999940 -0.000149384 0.000283841 -0.006159378 0.000149378 1.000000000 0.000019784 0.004390169 -0.000283844 -0.000019741 0.999999940 0.001654968
1.000000000 0.000027029 0.000019452 -0.001999790 -0.000027029 1.000000000 0.000044286 0.003651513 -0.000019451 -0.000044287 1.000000000 0.001385753
0.999999881 0.000129753 -0.000486464 0.009235234 -0.000129804 1.000000000 -0.000104649 -0.002072828 0.000486450 0.000104712 0.999999881 -0.003120737
0.999999940 -0.000212890 -0.000235610 0.005493837 0.000212902 1.000000000 0.000050357 -0.009898620 0.000235600 -0.000050407 1.000000000 -0.002609570
0.999999940 -0.000151729 -0.000377381 0.006879303 0.000151779 1.000000000 0.000132712 -0.029369138 0.000377361 -0.000132769 0.999999940 -0.014164091
0.999999583 -0.000775053 0.000481434 -0.007043711 0.000775045 0.999999702 0.000018324 -0.013566921 -0.000481448 -0.000017951 0.999999881 -0.004148942
0.999999702 -0.000476552 0.000556935 -0.009869144 0.000476429 0.999999881 0.000221357 -0.008078487 -0.000557040 -0.000221092 0.999999821 -0.000157391
1.000000000 0.000194616 -0.000046106 -0.002307551 -0.000194615 1.000000000 0.000026189 0.005522294 0.000046111 -0.000026180 1.000000000 -0.000085907
0.999999940 0.000120048 -0.000364550 0.006043240 -0.000120053 1.000000000 -0.000013650 -0.009041398 0.000364548 0.000013694 0.999999940 -0.006279714
0.999999940 0.000084425 -0.000413105 0.004736269 -0.000084484 1.000000000 -0.000142648 -0.010145193 0.000413093 0.000142683 0.999999881 -0.006993120
0.999999166 0.000762670 -0.001064042 0.011514324 -0.000762777 0.999999702 -0.000100945 -0.010795911 0.001063965 0.000101756 0.999999404 -0.014930298
0.999999881 -0.000502751 0.000154446 -0.003254571 0.000502721 0.999999881 0.000191913 -0.013744365 -0.000154543 -0.000191835 0.999999940 -0.002874136
0.999999940 -0.000356628 0.000113868 -0.003550173 0.000356601 0.999999881 0.000240874 -0.022845160 -0.000113954 -0.000240834 0.999999940 -0.010738979
0.999999821 -0.000437222 0.000444526 -0.008026167 0.000437192 0.999999881 0.000069490 -0.004422185 -0.000444556 -0.000069295 0.999999881 -0.000766466
0.999999821 -0.000267426 0.000482806 -0.008348327 0.000267413 0.999999940 0.000028661 0.008037387 -0.000482813 -0.000028532 0.999999881 0.006415156
0.999999940 -0.000229546 0.000352450 -0.004551752 0.000229608 0.999999940 -0.000173711 0.006699612 -0.000352410 0.000173792 0.999999940 0.001176235
1.000000000 -0.000083952 0.000189977 -0.004391663 0.000083922 1.000000000 0.000157955 0.000914751 -0.000189991 -0.000157939 0.999999940 0.002541593
1.000000000 0.000062278 -0.000098137 0.001908694 -0.000062266 1.000000000 0.000124326 -0.002159648 0.000098145 -0.000124320 1.000000000 -0.001385028
0.999999940 0.000042723 -0.000386693 0.005775051 -0.000042721 1.000000000 0.000005112 -0.007820084 0.000386694 -0.000005096 0.999999940 -0.006286236
0.999999940 -0.000061563 -0.000359993 0.005722763 0.000061537 1.000000000 -0.000074101 -0.009089271 0.000359998 0.000074079 0.999999940 -0.005568713
0.999999940 -0.000386859 0.000101337 -0.002681512 0.000386858 0.999999940 0.000014134 -0.010645818 -0.000101342 -0.000014094 1.000000000 -0.004576282
0.999999583 -0.000565128 0.000680404 -0.012709428 0.000565087 0.999999821 0.000060792 0.003510405 -0.000680438 -0.000060407 0.999999762 0.005868561
0.999999940 -0.000161206 0.000236206 -0.005337350 0.000161182 1.000000000 0.000102636 -0.013924555 -0.000236223 -0.000102598 0.999999940 -0.006793845
1.000000000 -0.000070006 -0.000003383 -0.000523455 0.000070006 1.000000000 -0.000058690 -0.000884433 0.000003387 0.000058690 1.000000000 -0.003492194
0.999999762 0.000328114 -0.000633281 0.008093239 -0.000328052 0.999999940 0.000097449 -0.010421467 0.000633313 -0.000097241 0.999999821 -0.006322016
0.999999940 -0.000052626 -0.000319450 0.005549353 0.000052594 1.000000000 -0.000102205 -0.006380811 0.000319455 0.000102188 0.999999940 -0.005517374
0.999999940 -0.000377218 0.000066170 0.000447579 0.000377211 0.999999940 0.000111532 -0.028396742 -0.000066212 -0.000111507 1.000000000 -0.013917522
0.999999821 -0.000444659 0.000331318 -0.006094855 0.000444572 0.999999881 0.000263599 -0.017704077 -0.000331435 -0.000263452 0.999999881 -0.004932194
0.999999702 -0.000538872 0.000569371 -0.008303986 0.000538782 0.999999821 0.000159647 -0.002682438 -0.000569457 -0.000159340 0.999999821 0.001190420
0.999999940 -0.000133113 0.000246335 -0.006763489 0.000133077 1.000000000 0.000148239 -0.003056583 -0.000246355 -0.000148206 0.999999940 0.000768149
1.000000000 0.000026219 0.000152009 -0.004736796 -0.000026224 1.000000000 0.000033085 0.003255147 -0.000152008 -0.000033089 1.000000000 0.001449202
1.000000000 0.000080506 -0.000189178 0.002835407 -0.000080514 1.000000000 -0.000041908 0.003048976 0.000189175 0.000041923 1.000000000 -0.000726015
0.999999821 0.000244734 -0.000517499 0.005069037 -0.000244774 0.999999940 -0.000077440 0.001498578 0.000517480 0.000077567 0.999999881 -0.002107676
0.999999940 -0.000130185 -0.000293238 0.004803588 0.000130155 1.000000000 -0.000103168 -0.009777435 0.000293252 0.000103130 0.999999940 -0.007054056
0.999999881 -0.000481874 0.000149030 -0.000844894 0.000481872 0.999999881 0.000015987 -0.008492963 -0.000149038 -0.000015915 1.000000000 -0.004186806
0.999999881 -0.000269056 0.000375573 -0.010217639 0.000269046 0.999999940 0.000024887 -0.004568607 -0.000375580 -0.000024786 0.999999940 -0.003285576
0.999999762 -0.000443114 0.000523993 -0.009363411 0.000442952 0.999999881 0.000310572 -0.007330809 -0.000524131 -0.000310340 0.999999821 0.001087202
0.999999940 -0.000127946 0.000348922 -0.006425693 0.000127943 1.000000000 0.000009607 0.004718690 -0.000348923 -0.000009563 0.999999940 0.002589980
1.000000000 -0.000014162 -0.000022212 -0.000403534 0.000014161 1.000000000 -0.000060898 0.000412718 0.000022213 0.000060897 1.000000000 -0.000859910
0.999999762 0.000203546 -0.000631443 0.007868687 -0.000203581 1.000000000 -0.000056226 -0.009513278 0.000631432 0.000056354 0.999999821 -0.008042047
0.999999821 -0.000485351 0.000312261 -0.003744829 0.000485343 0.999999881 0.000023892 -0.014440480 -0.000312272 -0.000023740 0.999999940 -0.004654544
0.999999762 -0.000332530 0.000619627 -0.010688215 0.000332415 0.999999940 0.000185746 -0.006323554 -0.000619688 -0.000185540 0.999999762 -0.000228455
1.000000000 0.000080919 -0.000136166 -0.000917423 -0.000080932 1.000000000 -0.000095712 -0.001229307 0.000136158 0.000095723 1.000000000 -0.004591045
0.999999881 0.000028899 -0.000476624 0.006853500 -0.000028852 1.000000000 0.000098336 -0.023058193 0.000476627 -0.000098322 0.999999881 -0.010886837
0.999999940 -0.000294932 0.000095478 0.001321155 0.000294917 0.999999940 0.000163770 -0.014777099 -0.000095526 -0.000163742 1.000000000 -0.005283884
0.999999702 -0.000664336 0.000399945 -0.004723278 0.000664259 0.999999762 0.000192924 -0.019761469 -0.000400073 -0.000192658 0.999999881 -0.006901669
0.999999940 0.000010522 -0.000288803 0.000994481 -0.000010563 1.000000000 -0.000140354 0.001757791 0.000288802 0.000140357 0.999999940 -0.002634936
0.999999702 0.000292517 -0.000730237 0.008672666 -0.000292455 0.999999940 0.000085991 -0.021615405 0.000730262 -0.000085777 0.999999702 -0.012852185
0.999999821 -0.000556436 -0.000061954 0.003928758 0.000556440 0.999999821 0.000076017 -0.043325946 0.000061912 -0.000076052 1.000000000 -0.023860388
0.999999881 -0.000460894 0.000216346 -0.002079278 0.000460873 0.999999881 0.000095785 -0.048918761 -0.000216390 -0.000095685 1.000000000 -0.028201271
1.000000000 -0.000146964 -0.000121553 -0.002910009 0.000146948 1.000000000 -0.000134626 -0.081794061 0.000121573 0.000134608 1.000000000 -0.050216880
0.999995351 -0.002378511 0.001903681 -0.016698377 0.002378380 0.999997199 0.000070813 -0.138889924 -0.001903843 -0.000066285 0.999998212 -0.069716610
0.999998748 -0.001222783 0.000983666 -0.016063156 0.001223223 0.999999166 -0.000447058 -0.186213598 -0.000983119 0.000448261 0.999999404 -0.110026903
0.999998927 -0.001342325 0.000608537 -0.002653328 0.001342212 0.999999106 0.000186467 -0.284388244 -0.000608786 -0.000185650 0.999999821 -0.157557830
0.999999762 -0.000673035 0.000146677 0.001161673 0.000672981 0.999999702 0.000371576 -0.359473944 -0.000146927 -0.000371477 0.999999940 -0.199142620
0.999999702 -0.000729475 -0.000094876 0.004485494 0.000729505 0.999999702 0.000319099 -0.502297401 0.000094643 -0.000319168 0.999999940 -0.290391356
0.999999166 -0.000105611 -0.001291135 0.018677417 0.000105855 1.000000000 0.000189315 -0.643895268 0.001291115 -0.000189452 0.999999166 -0.383401304
0.999998212 -0.000216980 -0.001883177 0.036928687 0.000217523 0.999999940 0.000287764 -0.843918860 0.001883115 -0.000288173 0.999998212 -0.490385681
0.999998868 -0.000770159 -0.001301119 0.033577740 0.000771523 0.999999166 0.001047894 -1.073317409 0.001300310 -0.001048896 0.999998629 -0.609736800
0.999999762 0.000062440 -0.000708851 0.021981286 -0.000061678 0.999999404 0.001074779 -1.279972196 0.000708917 -0.001074735 0.999999166 -0.727489889
0.999999881 0.000170378 -0.000449660 0.019567160 -0.000169660 0.999998689 0.001594917 -1.532205105 0.000449931 -0.001594840 0.999998629 -0.871683717
0.999999642 0.000421993 -0.000724532 0.022120113 -0.000421563 0.999999762 0.000593290 -1.785594583 0.000724782 -0.000592984 0.999999583 -1.036339998
0.999997556 0.001088177 -0.001935864 0.044573881 -0.001085779 0.999998629 0.001239304 -2.084053278 0.001937210 -0.001237199 0.999997377 -1.204663992
0.999998510 -0.001638984 -0.000495348 0.059196401 0.001640373 0.999994695 0.002816499 -2.517481804 0.000490730 -0.002817308 0.999995887 -1.423273444
0.999999523 -0.000697901 0.000712136 0.017341183 0.000695210 0.999992669 0.003772328 -2.847320557 -0.000714763 -0.003771831 0.999992609 -1.595360279
0.999999464 -0.000627188 0.000818540 0.022750303 0.000624334 0.999993742 0.003481982 -3.225705624 -0.000820718 -0.003481470 0.999993622 -1.823292971
0.999999821 -0.000101817 -0.000561754 0.053252432 0.000103326 0.999996364 0.002686234 -3.623012304 0.000561479 -0.002686291 0.999996245 -2.072613239
0.999999464 -0.000945188 -0.000408754 0.080292754 0.000946409 0.999995053 0.002998293 -4.085328102 0.000405918 -0.002998678 0.999995410 -2.328029871
0.999999642 -0.000820041 -0.000276225 0.078267753 0.000820968 0.999993980 0.003372416 -4.569164753 0.000273458 -0.003372642 0.999994278 -2.598162174
0.999998689 -0.001356431 -0.000853999 0.096513368 0.001359414 0.999992967 0.003502729 -5.095319271 0.000849241 -0.003503885 0.999993503 -2.901783943
0.999998808 -0.000313190 -0.001513573 0.109701023 0.000319268 0.999991894 0.004016654 -5.647798061 0.001512303 -0.004017133 0.999990761 -3.217752218
0.999998212 0.000709158 -0.001769505 0.100180998 -0.000702217 0.999992073 0.003919785 -6.193846226 0.001772271 -0.003918535 0.999990761 -3.539564371
0.999996543 0.000311408 -0.002600981 0.139367491 -0.000296841 0.999984264 0.005599067 -6.838820457 0.002602684 -0.005598275 0.999980927 -3.876862288
0.999998093 -0.000340014 -0.001933049 0.145461589 0.000348542 0.999990225 0.004412723 -7.473193169 0.001931530 -0.004413388 0.999988377 -4.262966633
0.999997377 0.000766975 -0.002145300 0.145376891 -0.000756543 0.999987900 0.004859437 -8.164534569 0.002149001 -0.004857802 0.999985874 -4.658402920
0.999998569 0.000625998 -0.001584174 0.158588514 -0.000617431 0.999985218 0.005402471 -8.844083786 0.001587533 -0.005401485 0.999984145 -5.041070461
0.999996483 0.001042531 -0.002435674 0.188165903 -0.001030907 0.999988079 0.004769122 -9.596272469 0.002440617 -0.004766595 0.999985635 -5.474614143
0.999994874 0.000852980 -0.003078956 0.214754745 -0.000836402 0.999985158 0.005381439 -10.301822662 0.003083501 -0.005378836 0.999980807 -5.894175529
0.999992669 0.002028270 -0.003246827 0.208413884 -0.002008798 0.999980032 0.005989125 -11.077269554 0.003258910 -0.005982559 0.999976814 -6.331255436
0.999994636 0.000891856 -0.003147796 0.232600346 -0.000874929 0.999985158 0.005374491 -11.884684563 0.003152542 -0.005371708 0.999980628 -6.781258106
0.999996066 -0.000270972 -0.002783620 0.255748957 0.000290624 0.999975026 0.007061753 -12.705039978 0.002781637 -0.007062534 0.999971211 -7.231151104
0.999998569 -0.000200102 -0.001661939 0.249869987 0.000209087 0.999985337 0.005407922 -13.540425301 0.001660832 -0.005408261 0.999983966 -7.714589596
0.999996066 0.000297589 -0.002795798 0.284398973 -0.000278944 0.999977708 0.006666871 -14.390662193 0.002797720 -0.006666065 0.999973893 -8.192955017
0.999997318 -0.000525868 -0.002254024 0.299129248 0.000541078 0.999977052 0.006752599 -15.275276184 0.002250421 -0.006753800 0.999974668 -8.705604553
0.999994814 0.000584069 -0.003159610 0.313730210 -0.000563295 0.999978244 0.006571767 -16.165374756 0.003163379 -0.006569954 0.999973416 -9.216003418
0.999997377 0.000104596 -0.002294619 0.330696523 -0.000088796 0.999976277 0.006884865 -17.113203049 0.002295285 -0.006884643 0.999973655 -9.755704880
0.999999404 -0.000656790 -0.000858416 0.333397806 0.000662829 0.999974906 0.007054419 -18.049249649 0.000853761 -0.007054984 0.999974728 -10.280817032
0.999995589 0.000447926 -0.002944973 0.377059013 -0.000429708 0.999980807 0.006183877 -19.021240234 0.002947686 -0.006182584 0.999976516 -10.862722397
0.999996662 -0.000304883 -0.002555913 0.402565181 0.000322634 0.999975801 0.006947750 -20.024335861 0.002553733 -0.006948552 0.999972582 -11.414321899
0.999997139 -0.000273269 -0.002387650 0.403620809 0.000288960 0.999978364 0.006573978 -21.073640823 0.002385802 -0.006574649 0.999975562 -12.016228676
0.999994934 0.000175639 -0.003172082 0.419722766 -0.000156517 0.999981821 0.006027417 -22.062561035 0.003173084 -0.006026890 0.999976814 -12.605548859
0.999980450 0.001862362 -0.005969716 0.473304272 -0.001815156 0.999967098 0.007903417 -23.190130234 0.005984239 -0.007892427 0.999950945 -13.210923195
0.999989033 0.001883180 -0.004287623 0.460695028 -0.001850057 0.999968529 0.007716208 -24.257335663 0.004302019 -0.007708191 0.999961019 -13.830860138
0.999990880 0.000033894 -0.004266721 0.495705456 -0.000002005 0.999972045 0.007473663 -25.357969284 0.004266855 -0.007473587 0.999962986 -14.458486557
0.999974966 0.001624262 -0.006886233 0.531332910 -0.001569916 0.999967635 0.007890125 -26.482841492 0.006898826 -0.007879117 0.999945164 -15.105380058
0.999991834 0.001006122 -0.003906486 0.512969255 -0.000973516 0.999964774 0.008339683 -27.651287079 0.003914739 -0.008335812 0.999957621 -15.745540619
0.999995410 -0.000342491 -0.003013823 0.552652299 0.000367094 0.999966562 0.008166513 -28.779453278 0.003010925 -0.008167583 0.999962091 -16.376041412
0.999984741 0.000114554 -0.005523553 0.617427111 -0.000065786 0.999961019 0.008828448 -29.986978531 0.005524349 -0.008827951 0.999945760 -17.057954788
0.999991775 0.000712092 -0.003985850 0.596533179 -0.000676947 0.999960959 0.008811872 -31.199468613 0.003991969 -0.008809102 0.999953210 -17.739532471
0.999993742 0.000879158 -0.003431841 0.621507764 -0.000849702 0.999962866 0.008575344 -32.403400421 0.003439252 -0.008572375 0.999957323 -18.427732468
0.999990165 0.001666696 -0.004116345 0.669837475 -0.001630258 0.999959588 0.008839672 -33.685913086 0.004130912 -0.008832874 0.999952435 -19.146596909
0.999987125 0.002760191 -0.004255346 0.680120766 -0.002725086 0.999962389 0.008233549 -34.922660828 0.004277912 -0.008221846 0.999957025 -19.872142792
0.999983788 0.002130686 -0.005278405 0.724056363 -0.002084938 0.999960363 0.008657314 -36.220710754 0.005296642 -0.008646168 0.999948621 -20.599061966
0.999987960 0.001772631 -0.004570990 0.745327175 -0.001726831 0.999948442 0.010004234 -37.545494080 0.004588489 -0.009996220 0.999939501 -21.306671143
0.999992192 0.001915991 -0.003454883 0.741723061 -0.001880582 0.999945998 0.010223284 -38.849662781 0.003474283 -0.010216707 0.999941766 -22.049192429
0.999990761 0.001212204 -0.004128549 0.787974358 -0.001167327 0.999940395 0.010854848 -40.131935120 0.004141461 -0.010849928 0.999932587 -22.780740738
0.999985576 0.002771167 -0.004599281 0.798366964 -0.002719901 0.999934494 0.011115685 -41.511856079 0.004629783 -0.011103015 0.999927640 -23.564128876
0.999976277 0.003751619 -0.005779353 0.828630209 -0.003685852 0.999928832 0.011348530 -42.936386108 0.005821516 -0.011326958 0.999918878 -24.370517731
0.999979794 0.003070381 -0.005568408 0.866388321 -0.003007473 0.999931991 0.011270543 -44.283924103 0.005602635 -0.011253568 0.999920964 -25.125619888
0.999982476 0.003141637 -0.005012038 0.879304349 -0.003089056 0.999940455 0.010464376 -45.684711456 0.005044614 -0.010448711 0.999932706 -25.931257248
0.999978662 0.002556103 -0.006011385 0.922064126 -0.002489048 0.999934912 0.011135814 -47.100219727 0.006039458 -0.011120613 0.999919951 -26.730152130
0.999985874 0.002215024 -0.004827319 0.930965722 -0.002162155 0.999937952 0.010929923 -48.482681274 0.004851230 -0.010919332 0.999928594 -27.503513336
0.999986529 0.001623215 -0.004929976 0.976079464 -0.001570156 0.999940991 0.010747417 -49.931999207 0.004947131 -0.010739530 0.999930084 -28.325574875
0.999980986 0.001749830 -0.005917575 1.002271652 -0.001681566 0.999932230 0.011521018 -51.408695221 0.005937334 -0.011510848 0.999916136 -29.149663925
0.999969900 0.002653378 -0.007295032 1.036952734 -0.002573290 0.999936581 0.010965996 -52.846473694 0.007323666 -0.010946893 0.999913275 -29.970556259
0.999975026 0.002591497 -0.006574051 1.058894873 -0.002520429 0.999938548 0.010795874 -54.307559967 0.006601625 -0.010779035 0.999920130 -30.790601730
0.999987245 0.001963610 -0.004648339 1.067700624 -0.001910975 0.999934316 0.011300890 -55.769042969 0.004670224 -0.011291863 0.999925315 -31.603687286
0.999994218 0.001011954 -0.003250351 1.098736882 -0.000976065 0.999938726 0.011024171 -57.244926453 0.003261308 -0.011020933 0.999933958 -32.421375275
0.999986410 0.002427965 -0.004613993 1.148663163 -0.002374453 0.999930263 0.011568025 -58.702152252 0.004641757 -0.011556912 0.999922454 -33.245029449
0.999971211 0.004393535 -0.006188382 1.165939569 -0.004316745 0.999914169 0.012367768 -60.153347015 0.006242189 -0.012340698 0.999904394 -34.068824768
0.999977708 0.003441119 -0.005722188 1.193750024 -0.003372024 0.999921799 0.012041057 -61.617248535 0.005763176 -0.012021494 0.999911129 -34.874172211
0.999974906 0.003773325 -0.006000556 1.215499759 -0.003702261 0.999923408 0.011810221 -63.124420166 0.006044660 -0.011787709 0.999912262 -35.739334106
0.999972761 0.003581073 -0.006455760 1.247636437 -0.003500015 0.999915421 0.012523908 -64.629119873 0.006500063 -0.012500972 0.999900758 -36.570629120
0.999979317 0.003195841 -0.005586294 1.265977979 -0.003133761 0.999933660 0.011086587 -66.086181641 0.005621355 -0.011068851 0.999922931 -37.399852753
0.999986112 0.002440394 -0.004670030 1.283981442 -0.002387934 0.999934375 0.011206136 -67.579360962 0.004697071 -0.011194828 0.999926329 -38.236270905
0.999979079 0.003027823 -0.005713819 1.330659866 -0.002963976 0.999933422 0.011149604 -69.057838440 0.005747197 -0.011132436 0.999921501 -39.071048737
0.999990463 0.001952035 -0.003904339 1.349380970 -0.001906037 0.999929130 0.011750540 -70.551673889 0.003927000 -0.011742987 0.999923348 -39.904975891
0.999982238 0.003348297 -0.004927314 1.371447086 -0.003298377 0.999943495 0.010104805 -72.024497986 0.004960869 -0.010088373 0.999936819 -40.751964569
0.999972224 0.004178011 -0.006172453 1.402672768 -0.004116872 0.999942660 0.009884892 -73.519660950 0.006213399 -0.009859206 0.999932110 -41.613311768
0.999973655 0.004086681 -0.005994537 1.434971929 -0.004026184 0.999941170 0.010069633 -74.996612549 0.006035336 -0.010045232 0.999931335 -42.441291809
0.999975562 0.003310729 -0.006159208 1.459706664 -0.003249764 0.999945879 0.009882051 -76.481597900 0.006191592 -0.009861793 0.999932230 -43.281757355
0.999969423 0.003513038 -0.006990123 1.489236236 -0.003440915 0.999940991 0.010303246 -77.980079651 0.007025906 -0.010278879 0.999922514 -44.134170532
0.999981225 0.002136155 -0.005738386 1.515034199 -0.002082788 0.999954700 0.009290015 -79.485931396 0.005757971 -0.009277890 0.999940395 -44.970657349
0.999989510 0.001769845 -0.004221606 1.528019190 -0.001732153 0.999958754 0.008915479 -81.000595093 0.004237211 -0.008908073 0.999951363 -45.826843262
0.999990940 0.002066630 -0.003715951 1.560148358 -0.002035917 0.999963880 0.008250224 -82.490470886 0.003732867 -0.008242584 0.999959052 -46.676738739
0.999987066 0.002929477 -0.004161633 1.593458295 -0.002890627 0.999952495 0.009310875 -83.999221802 0.004188711 -0.009298725 0.999947965 -47.503997803
0.999986529 0.002997538 -0.004235124 1.619319797 -0.002955858 0.999947488 0.009813685 -85.486228943 0.004264318 -0.009801034 0.999942899 -48.346035004
0.999971390 0.004881869 -0.005775769 1.645276189 -0.004824704 0.999939620 0.009870124 -87.020286560 0.005823606 -0.009841976 0.999934614 -49.213172913
0.999973059 0.004722962 -0.005620443 1.678115010 -0.004674895 0.999952674 0.008534748 -88.506301880 0.005660486 -0.008508243 0.999947786 -50.052898407
0.999975562 0.003840864 -0.005843563 1.705757618 -0.003792778 0.999959052 0.008217860 -90.022216797 0.005874888 -0.008195495 0.999949157 -50.903533936
0.999968886 0.004088153 -0.006747060 1.722830296 -0.004034891 0.999960721 0.007888851 -91.520004272 0.006779047 -0.007861382 0.999946117 -51.760425568
0.999983907 0.002436700 -0.005123777 1.740471721 -0.002402714 0.999975145 0.006628694 -92.995826721 0.005139801 -0.006616277 0.999964893 -52.598934174
0.999970257 0.003705302 -0.006761486 1.785388112 -0.003659859 0.999970734 0.006720969 -94.511268616 0.006786191 -0.006696024 0.999954581 -53.459068298
0.999973357 0.003995324 -0.006108260 1.798750520 -0.003952883 0.999968052 0.006944582 -96.017692566 0.006135811 -0.006920252 0.999957204 -54.318737030
0.999960005 0.005354656 -0.007165205 1.846122742 -0.005316018 0.999971271 0.005400606 -97.491340637 0.007193917 -0.005362300 0.999959767 -55.180698395
0.999968112 0.004450732 -0.006629524 1.864511967 -0.004423574 0.999981761 0.004105569 -99.036682129 0.006647677 -0.004076113 0.999969602 -56.033229828
0.999974251 0.003641182 -0.006179617 1.881845117 -0.003622660 0.999988914 0.003005805 -100.543228149 0.006190493 -0.002983341 0.999976397 -56.900127411
0.999975264 0.003324290 -0.006202898 1.917586446 -0.003304296 0.999989331 0.003230899 -102.064346313 0.006213572 -0.003210323 0.999975562 -57.765274048
0.999972403 0.003959107 -0.006288254 1.939772129 -0.003940657 0.999987900 0.002943752 -103.557128906 0.006299832 -0.002918891 0.999975920 -58.632122040
0.999967337 0.004513427 -0.006707315 1.977401733 -0.004499700 0.999987781 0.002060167 -105.052047729 0.006716531 -0.002029918 0.999975383 -59.492523193
0.999977231 0.003488122 -0.005779328 1.992970943 -0.003485607 0.999993801 0.000445221 -106.518875122 0.005780845 -0.000425066 0.999983191 -60.348064423
0.999972343 0.003987405 -0.006276671 2.035202265 -0.003983372 0.999991834 0.000654776 -108.047195435 0.006279231 -0.000629755 0.999980092 -61.210391998
0.999977350 0.003439802 -0.005782784 2.053025961 -0.003437337 0.999993980 0.000436104 -109.559432983 0.005784249 -0.000416217 0.999983191 -62.085620880
0.999977767 0.003736204 -0.005521563 2.073606491 -0.003737872 0.999992967 -0.000291628 -111.046699524 0.005520434 0.000312261 0.999984741 -62.958637238
0.999975026 0.003787230 -0.005962007 2.113063097 -0.003797985 0.999991179 -0.001793523 -112.567520142 0.005955162 0.001816122 0.999980628 -63.832565308
0.999972820 0.004426342 -0.005901265 2.127064943 -0.004444420 0.999985456 -0.003053885 -114.086463928 0.005887663 0.003080030 0.999977946 -64.711410522
0.999976575 0.003610533 -0.005815336 2.174821615 -0.003636903 0.999983132 -0.004530316 -115.592102051 0.005798881 0.004551359 0.999972820 -65.593437195
0.999963403 0.004652557 -0.007178356 2.199838161 -0.004686780 0.999977708 -0.004757978 -117.098251343 0.007156059 0.004791447 0.999962926 -66.475311279
0.999974966 0.003541290 -0.006128153 2.226519108 -0.003574206 0.999979198 -0.005368613 -118.685249329 0.006109014 0.005390382 0.999966800 -67.401786804
0.999975979 0.003314395 -0.006082937 2.256471395 -0.003350614 0.999976635 -0.005953630 -120.193550110 0.006063063 0.005973869 0.999963760 -68.277832031
0.999975443 0.003058363 -0.006306120 2.290573120 -0.003098364 0.999975085 -0.006343118 -121.714057922 0.006286563 0.006362501 0.999960005 -69.148796082
0.999974608 0.003071166 -0.006426445 2.307132244 -0.003124499 0.999960601 -0.008305343 -123.153762817 0.006400684 0.008325212 0.999944866 -70.016723633
0.999971390 0.004003897 -0.006416709 2.328300714 -0.004066702 0.999943674 -0.009804867 -124.668846130 0.006377090 0.009830682 0.999931335 -70.921379089
0.999974430 0.003753380 -0.006084573 2.369900942 -0.003814328 0.999942362 -0.010036442 -126.095222473 0.006046551 0.010059394 0.999931097 -71.750366211
0.999979019 0.003466857 -0.005469192 2.381807804 -0.003531981 0.999922454 -0.011943099 -127.582695007 0.005427363 0.011962165 0.999913692 -72.646987915
0.999978662 0.004046651 -0.005129604 2.403465509 -0.004111178 0.999911785 -0.012632047 -129.056930542 0.005078034 0.012652866 0.999907076 -73.518966675
0.999973655 0.004319306 -0.005829815 2.461969137 -0.004399639 0.999894559 -0.013837880 -130.607025146 0.005769430 0.013863165 0.999887228 -74.447425842
0.999982893 0.003148112 -0.004934549 2.488711357 -0.003219195 0.999890208 -0.014464090 -132.135101318 0.004888473 0.014479727 0.999883235 -75.355102539
0.999988675 0.002716354 -0.003910031 2.500646830 -0.002774912 0.999882877 -0.015049610 -133.648345947 0.003868693 0.015060289 0.999879122 -76.255722046
0.999985576 0.003116905 -0.004372556 2.535125017 -0.003190033 0.999853492 -0.016818410 -135.123916626 0.004319494 0.016832115 0.999849021 -77.163360596
0.999987125 0.002648503 -0.004326166 2.575012922 -0.002731072 0.999812067 -0.019192979 -136.592681885 0.004274521 0.019204546 0.999806464 -78.070022583
0.999993920 0.001945341 -0.002888082 2.595913887 -0.002006824 0.999768138 -0.021440305 -138.068939209 0.002845704 0.021445971 0.999765933 -78.972877502
0.999994516 0.002002048 -0.002647739 2.616384506 -0.002062442 0.999733150 -0.023007164 -139.565658569 0.002600972 0.023012498 0.999731779 -79.883972168
0.999988437 0.002810716 -0.003902659 2.652980566 -0.002901206 0.999722481 -0.023378195 -141.084823608 0.003835866 0.023389248 0.999719083 -80.800178528
0.999983907 0.002922991 -0.004865717 2.689305782 -0.003046019 0.999670863 -0.025472119 -142.567855835 0.004789660 0.025486529 0.999663711 -81.723625183
0.999989927 0.002638973 -0.003627819 2.703573227 -0.002734968 0.999639332 -0.026715739 -144.079681396 0.003556009 0.026725391 0.999636471 -82.641128540
0.999992669 0.001730080 -0.003409518 2.723396063 -0.001826256 0.999594688 -0.028409824 -145.574630737 0.003358985 0.028415844 0.999590516 -83.557746887
0.999991357 0.001661570 -0.003805782 2.756711006 -0.001774065 0.999555826 -0.029748907 -147.062454224 0.003754662 0.029755404 0.999550164 -84.491416931
0.999989569 0.001223268 -0.004403027 2.793086290 -0.001360701 0.999507666 -0.031346858 -148.548904419 0.004362514 0.031352520 0.999498844 -85.418014526
0.999993384 -0.000048529 -0.003633531 2.805835962 -0.000069509 0.999472439 -0.032478742 -150.069808960 0.003633190 0.032478780 0.999465823 -86.352577209
0.999994636 0.000789093 -0.003185167 2.836663485 -0.000897522 0.999415100 -0.034185115 -151.543243408 0.003156329 0.034187790 0.999410450 -87.279907227
0.999985278 0.002317068 -0.004901328 2.891608715 -0.002492351 0.999346375 -0.036063962 -153.012130737 0.004814561 0.036075644 0.999337435 -88.220741272
0.999981403 0.002428795 -0.005588935 2.931342125 -0.002637105 0.999290466 -0.037571374 -154.513732910 0.005493717 0.037585419 0.999278307 -89.161529541
0.999983668 0.002627092 -0.005079133 2.955629349 -0.002825772 0.999215007 -0.039513908 -155.984375000 0.004971339 0.039527617 0.999206126 -90.100433350
0.999979854 0.002558034 -0.005814079 2.999494553 -0.002797449 0.999132514 -0.041550580 -157.471786499 0.005702748 0.041566003 0.999119461 -91.041641235
0.999976218 0.002626861 -0.006373405 3.032754898 -0.002902959 0.999040246 -0.043705124 -158.967697144 0.006252482 0.043722589 0.999024153 -91.992988586
0.999975502 0.002564897 -0.006510380 3.066278219 -0.002859890 0.998950481 -0.045713864 -160.442260742 0.006386296 0.045731366 0.998933375 -92.944015503
0.999979496 0.001974886 -0.006093372 3.089175940 -0.002261616 0.998872757 -0.047413785 -161.915954590 0.005992867 0.047426593 0.998856723 -93.895523071
0.999980330 0.001969926 -0.005957133 3.111100912 -0.002263142 0.998765528 -0.049621597 -163.406784058 0.005852028 0.049634099 0.998750329 -94.861557007
0.999981999 0.001819601 -0.005716834 3.139513969 -0.002114096 0.998648107 -0.051937360 -164.873214722 0.005614600 0.051948514 0.998633981 -95.818649292
0.999975264 0.002304885 -0.006640733 3.184897661 -0.002664687 0.998499751 -0.054691911 -166.337524414 0.006504712 0.054708257 0.998481214 -96.782775879
0.999973953 0.002555029 -0.006750163 3.217694998 -0.002934423 0.998380899 -0.056806710 -167.818283081 0.006594091 0.056825038 0.998362362 -97.755844116
0.999981284 0.002303139 -0.005663700 3.225386143 -0.002631280 0.998276293 -0.058629882 -169.282470703 0.005518905 0.058643688 0.998263717 -98.717521667
0.999969661 0.003070395 -0.007160068 3.284847498 -0.003497521 0.998166561 -0.060425371 -170.767013550 0.006961411 0.060448579 0.998147011 -99.698143005
